0.00429758 14.6218 8.26120376586914 0.000729612 7.31469 -0.09720104932785034 -0.0075397300000000006 -7.61409 -1.4048144817352295
0.00771137 25.0292 11.19880199432373 0.00130918 12.5328 0.25789210200309753 -0.0135289 -12.9022 -1.3968708515167236
0.0100915 30.519200000000005 13.0887451171875 0.00171326 15.3837 0.5709494352340698 -0.0177047 -15.5264 -1.4804319143295288
0.0114287 33.1345 13.992171287536621 0.00194029 16.7263 0.7639592885971069 -0.0200507 -16.7414 -1.5099482536315918
0.0118471 33.8817 14.189506530761719 0.00201131 17.1091 0.8000783920288086 -0.0207847 -17.0831 -1.4975097179412842
0.0115749 32.9521 13.890604019165039 0.0019651 16.6439 0.6938677430152893 -0.0203071 -16.5989 -1.452939748764038
0.0109023 30.655400000000004 13.293492317199707 0.00185092 15.4943 0.5040306448936462 -0.0191272 -15.402500000000002 -1.392066478729248
0.0101335 28.03 12.638958930969238 0.0017204 14.1803 0.3188379406929016 -0.0177784 -14.035 -1.335709810256958
0.00954169 26.0088 12.15705394744873 0.0016199200000000002 13.1687 0.19916746020317078 -0.01674 -12.9821 -1.303308129310608
0.00933411 25.3 12.032291412353516 0.00158468 12.8139 0.18173997104167938 -0.0163759 -12.6129 -1.3064740896224976
0.00963167 26.3161 12.350716590881348 0.0016351900000000001 13.3225 0.27166563272476196 -0.0168979 -13.1422 -1.34628427028656
0.010463 29.1551 13.102992057800293 0.00177633 14.7434 0.4723632037639618 -0.0183564 -14.621 -1.4211394786834717
0.0117719 33.6249 14.174139976501465 0.00199855 16.9806 0.7824819087982178 -0.020652800000000002 -16.9494 -1.5204778909683228
0.0134338 36.3569 15.378464698791504 0.00228069 18.3791 1.1995573043823242 -0.0235684 -18.198 -1.6354968547821045
0.0152766 38.4279 16.546873092651367 0.00259354 19.5085 1.7115890979766846 -0.026801400000000003 -19.0681 -1.7521650791168213
0.0171026 39.51 17.547061920166016 0.00290355 20.3834 2.247487783432007 -0.0300049 -19.3756 -1.8532319068908691
0.0187085 39.9884 18.300825119018555 0.0031762 21.0922 2.737001419067383 -0.0328224 -19.3924 -1.9353046417236328
0.0199035 40.2426 18.77536964416504 0.00337907 21.6089 3.111506462097168 -0.0349189 -19.366 -1.9874695539474487
0.0205246 40.3562 18.984743118286133 0.00348452 21.8751 3.3099400997161865 -0.0360086 -19.347 -2.006699800491333
0.020451599999999997 40.1068 18.93678092956543 0.00347212 21.7503 3.292670488357544 -0.0358805 -19.2171 -1.9970147609710693
0.01962 37.2671 18.574539184570312 0.00333095 20.329 3.036876678466797 -0.0344216 -17.7379 -1.950012445449829
0.0180322 31.8449 17.776744842529297 0.00306138 17.6151 2.5348398685455322 -0.031636 -14.9134 -1.8487311601638794
0.0157634 24.0968 16.401611328125 0.00267619 13.7371 1.7979068756103516 -0.027655399999999997 -10.8775 -1.677001714706421
0.0129604 14.5249 14.344992637634277 0.00220033 8.9463 0.8938543796539307 -0.022737900000000002 -5.89149 -1.4363012313842773
0.00983151 3.8437999999999994 11.689369201660156 0.00166912 3.59982 -0.001706315204501152 -0.0172485 -0.327675 -1.181171178817749
