3.72594e-05 0.451973 4.11945104598999 0.000287083 0.9636839999999999 0.07515271008014679 0.000549478 0.554664 -1.1087726354599
0.000146059 1.77176 4.2504072189331055 0.00112538 3.7776900000000007 0.8031393885612488 0.00215398 2.17431 -1.1652830839157104
0.000315165 3.8229799999999994 4.606010913848877 0.00242835 8.15125 1.9838860034942627 0.00464786 4.69157 -1.211519479751587
0.000526298 6.35856 4.941415309906006 0.00405512 13.565 3.428717613220215 0.007761509999999999 7.8078199999999995 -1.237378716468811
0.00075532 8.99462 5.300137519836426 0.005819740000000001 19.2334 4.845504283905029 0.011139 11.0652 -1.2663875818252563
0.0009755440000000001 11.1914 5.70706033706665 0.00751656 23.8977 6.087592124938965 0.0143867 13.6236 -1.2742996215820312
0.00116163 12.8055 6.104583263397217 0.00895037 27.2224 7.0342183113098145 0.017131 15.415300000000002 -1.2715049982070923
0.00129353 13.8242 6.420499324798584 0.00996663 29.331 7.6634626388549805 0.0190761 16.5399 -1.2685142755508423
0.0013598000000000002 14.3006 6.5786333084106445 0.0104772 30.3204 7.967616558074951 0.0200535 17.0632 -1.2729390859603882
0.00135982 14.3007 6.5656328201293945 0.010477399999999998 30.3207 7.969709396362305 0.020053700000000004 17.0634 -1.2848765850067139
0.0013043599999999999 13.628 6.4069743156433105 0.010050100000000001 28.8863 7.7119317054748535 0.0192359 16.2378 -1.302210807800293
0.00121438 12.5365 6.169495105743408 0.00935678 26.559 7.2762064933776855 0.0179089 14.8983 -1.3213359117507935
0.00111802 11.3676 5.936458587646484 0.00861433 24.0667 6.7925238609313965 0.0164878 13.4638 -1.3350921869277954
0.00104614 10.4957 5.781686782836914 0.00806051 22.2077 6.418554306030273 0.0154278 12.3938 -1.3395129442214966
0.00102705 10.2641 5.75783109664917 0.0079134 21.7139 6.336277961730957 0.0151463 12.1096 -1.3294613361358643
0.0010812 10.921 5.893960475921631 0.00833066 23.1145 6.632279396057129 0.0159449 12.9158 -1.3111661672592163
0.00121696 12.5678 6.2390875816345215 0.00937667 26.6258 7.321308612823486 0.017947 14.9367 -1.2795648574829102
0.00142816 14.7643 6.80328893661499 0.011003900000000002 31.2868 8.26725959777832 0.0210616 17.5723 -1.2434396743774414
0.00169421 16.2582 7.57576322555542 0.013053899999999998 34.4386 9.332476615905762 0.0249852 19.2147 -1.19622802734375
0.00198288 17.3663 8.434009552001953 0.0152781 36.4983 10.324000358581543 0.0292423 20.1619 -1.1447032690048218
0.00225525 18.1925 9.25062084197998 0.0173767 37.1855 11.1929349899292 0.0332591 20.2445 -1.080751895904541
0.0024721 18.8313 9.89748764038086 0.0190475 37.5126 11.868877410888672 0.036457 20.2018 -1.0254589319229126
0.00260032 19.2032 10.275799751281738 0.0200355 37.6724 12.255863189697266 0.038348 20.1669 -0.9999892711639404
0.0026182399999999995 19.2551 10.330348014831543 0.0201736 37.6939 12.330072402954102 0.0386123 20.1616 -1.0096880197525024
0.00251868 18.0473 10.0295991897583 0.0194065 35.1188 12.048722267150879 0.037144 18.6795 -1.0641710758209229
