-0.00283345 -3.57643 0.7558347582817078 0.00476836 12.0382 4.809825897216797 0.00401947 4.07099 -1.04274320602417
-0.00642283 -7.6507 -3.44523286819458 0.0108088 25.5378 10.227656364440918 0.00911127 8.67346 -1.188388466835022
-0.010602400000000001 -10.8487 -6.4828667640686035 0.0178425 35.885 14.507377624511719 0.0150403 12.2179 -1.3981198072433472
-0.015129399999999998 -12.8679 -8.177879333496094 0.0254608 40.657 17.563926696777344 0.0214621 14.196 -1.5464823246002197
-0.0197135 -13.7538 -8.902024269104004 0.0331755 40.5999 19.692224502563477 0.0279652 15.2331 -1.6868422031402588
-0.0240485 -14.3958 -9.391056060791016 0.0404707 40.0699 21.433500289916992 0.0341147 15.9306 -1.78973388671875
-0.0278442 -14.8536 -9.953645706176758 0.0468584 39.6417 22.85700035095215 0.0394991 16.3735 -1.8743005990982056
-0.0308578 -15.1604 -10.57880973815918 0.051929899999999994 39.3486 23.907901763916016 0.0437742 16.6426 -1.9785159826278687
-0.03292 -15.345699999999999 -11.220598220825195 0.0554003 39.1719 24.620725631713867 0.0466995 16.7932 -2.058835983276367
-0.0339525 -15.432 -11.604068756103516 0.0571379 39.0901 24.842905044555664 0.0481643 16.86 -2.135356903076172
-0.033976 -15.434 -11.617758750915527 0.0571774 39.0883 24.631088256835938 0.0481975 16.8615 -2.155478000640869
-0.0331045 -14.3346 -11.374704360961914 0.0557108 35.3823 24.136701583862305 0.0469613 15.608600000000001 -2.1443076133728027
-0.0315289 -12.3468 -10.817192077636719 0.05305920000000001 28.6817 23.122371673583984 0.044726100000000005 13.3434 -2.117954969406128
-0.029489 -9.77342 -10.028210639953613 0.0496263 20.0068 21.528730392456055 0.0418323 10.4107 -2.0911357402801514
-0.027240299999999995 -6.9367 -9.127840042114258 0.0458421 10.4443 19.4305419921875 0.0386425 7.17793 -2.0783445835113525
-0.0250198 -4.13545 -8.211666107177734 0.0421053 1.00135 17.00577735900879 0.0354925 3.9856 -2.072422981262207
-0.0230166 -1.5703 -7.359707355499268 0.0387342 -7.28333 14.56883716583252 0.0326508 1.15799 -2.060150146484375
-0.0213534 0.575824 -6.654366970062256 0.0359351 -14.0782 12.390741348266602 0.0302914 -1.17283 -2.042233467102051
-0.0200801 2.23939 -6.130997180938721 0.0337923 -19.2141 10.622931480407715 0.028485099999999996 -2.93816 -2.02860951423645
-0.0191811 3.43475 -5.772281646728516 0.0322794 -22.7991 9.291167259216309 0.0272098 -4.16207 -2.0260562896728516
-0.0185918 4.22654 -5.544074535369873 0.0312877 -25.1226 8.37049388885498 0.0263739 -4.95474 -2.0253078937530518
-0.0182206 4.72743 -5.404196262359619 0.030663 -26.5748 7.773773193359375 0.0258473 -5.45276 -2.0243782997131348
-0.0179708 5.06791 -5.309883117675781 0.030242699999999997 -27.5379 7.401628494262695 0.025493 -5.78518 -2.0228357315063477
-0.0177574 5.36784 -5.233173370361328 0.0298835 -28.3312 7.152254581451416 0.0251902 -6.06263 -2.019885301589966
-0.0175163 5.7084 -5.152166843414307 0.0294777 -29.2203 6.945343494415283 0.0248482 -6.37516 -2.0182385444641113
