0.000805502 -0.407242 0.42000558972358704 -0.00226241 -2.06128 -1.9416972398757935 0.00211487 1.08932 1.0983036756515503
0.0016110000000000002 -0.814484 -0.03272571414709091 -0.00452481 -4.12256 -4.047558307647705 0.00422975 2.17864 2.038123369216919
0.00241651 -1.20849 -0.16705633699893951 -0.00678722 -6.11481 -5.860269546508789 0.00634462 3.24183 2.9975428581237793
0.00322201 -1.55997 -0.30887821316719055 -0.00904962 -7.93872 -7.324099540710449 0.00845949 4.24858 3.7939388751983643
0.00402751 -1.83751 -0.4587881863117218 -0.011312 -9.53367 -8.565738677978516 0.0105744 5.16119 4.528808116912842
0.00483301 -2.03219 -0.5796647667884827 -0.0135744 -10.8243 -9.54129409790039 0.0126892 5.94382 5.1697845458984375
0.005638510000000001 -2.14741 -0.6594246625900269 -0.0158368 -11.8118 -10.307868957519531 0.0148041 6.58141 5.750850677490234
0.00644402 -2.17852 -0.706476092338562 -0.0180992 -12.5674 -10.92905044555664 0.016919 7.10311 6.299441337585449
0.00724952 -2.07605 -0.7826232314109802 -0.0203617 -13.0605 -11.444043159484863 0.0190339 7.49411 6.8018412590026855
0.00805502 -1.82523 -0.8321754336357117 -0.0226241 -13.2907 -11.81868839263916 0.0211487 7.76095 7.23675012588501
0.00886052 -1.53363 -0.8444464206695557 -0.0248865 -13.3838 -12.077908515930176 0.0232636 7.982899999999999 7.630721569061279
0.00966603 -1.22446 -0.8058723211288452 -0.027148899999999997 -13.3704 -12.270913124084473 0.0253785 8.17543 7.976905822753906
0.010471500000000002 -0.907629 -0.7123221755027771 -0.0294113 -13.2919 -12.406379699707031 0.0274933 8.34963 8.268174171447754
0.011277 -0.59258 -0.6408135890960693 -0.0316737 -13.1853 -12.504810333251953 0.0296082 8.51368 8.52388858795166
0.0120825 -0.281648 -0.5703362822532654 -0.0339361 -13.0641 -12.557747840881348 0.0317231 8.67244 8.758444786071777
0.011277 0.125594 -0.580036997795105 -0.0316737 -11.0028 -12.19094181060791 0.0296082 7.58312 8.646939277648926
0.010471500000000002 0.532836 -0.5807297825813293 -0.0294113 -8.94153 -11.472447395324707 0.0274933 6.4938 8.180685997009277
0.00966603 0.940078 -0.5378472208976746 -0.027148899999999997 -6.88025 -10.39299488067627 0.0253785 5.40448 7.3932785987854
0.00886052 1.34732 -0.46449777483940125 -0.0248865 -4.81897 -9.105664253234863 0.0232636 4.31516 6.428767204284668
0.00966603 0.940078 -0.5907882452011108 -0.027148899999999997 -6.88025 -9.630377769470215 0.0253785 5.40448 6.703770160675049
0.010471500000000002 0.532836 -0.646483838558197 -0.0294113 -8.94153 -10.508710861206055 0.0274933 6.4938 7.3277106285095215
0.011277 0.125594 -0.6750179529190063 -0.0316737 -11.0028 -11.585533142089844 0.0296082 7.58312 8.11181926727295
0.0120825 -0.281648 -0.6620819568634033 -0.0339361 -13.0641 -12.417795181274414 0.0317231 8.67244 8.755945205688477
0.012888000000000002 0.0232788 -0.5582898855209351 -0.0361985 -12.9345 -12.549263000488281 0.033838 8.82692 8.960583686828613
0.0136935 0.320898 -0.4612886905670166 -0.0384609 -12.7993 -12.6256103515625 0.0359528 8.97788 9.126229286193848
0.014499 0.610328 -0.415980726480484 -0.0407233 -12.6602 -12.717569351196289 0.0380677 9.12574 9.271424293518066
0.015304499999999999 0.89141 -0.4304482042789459 -0.0429857 -12.5185 -12.849806785583496 0.0401826 9.27086 9.391633033752441
0.01611 1.16339 -0.465285062789917 -0.045248100000000006 -12.3759 -13.003917694091797 0.0422975 9.41299 9.494953155517578
0.0169155 1.42648 -0.4992086887359619 -0.0475105 -12.2326 -13.150247573852539 0.04441230000000001 9.55289 9.587956428527832
0.017721 1.68105 -0.5167587995529175 -0.0497729 -12.0894 -13.295162200927734 0.0465272 9.6907 9.661231994628906
