983.0762939453125
1177.1072998046875
1224.7037353515625
1275.0015869140625
1334.947021484375
1140.3433837890625
1095.3427734375
935.533447265625
1067.2059326171875
1041.3056640625
1282.72216796875
1119.294189453125
1263.80712890625
1391.8116455078125
1140.7166748046875
1255.5621337890625
1121.8856201171875
1047.419921875
1160.1357421875
1043.5316162109375
1193.496337890625
1104.506591796875
1292.154296875
1353.927978515625
1250.02392578125
1076.269775390625
1201.498291015625
1065.09619140625
1130.937255859375
1280.126953125
1172.1761474609375
1217.695556640625
1313.0595703125
1224.65625
1256.909912109375
1382.3294677734375
1183.374267578125
1316.8692626953125
1220.60693359375
1147.38818359375
1137.6295166015625
1112.517333984375
1172.2144775390625
1126.5286865234375
1332.7481689453125
1095.5172119140625
1298.767822265625
997.9074096679688
1222.529541015625
1191.572998046875
1210.2039794921875
1244.8240966796875
1250.214599609375
1116.5711669921875
1098.32568359375
1104.571044921875
1235.1083984375
1093.984130859375
1187.873291015625
1004.612060546875
1211.21630859375
1241.7464599609375
1090.88916015625
1057.5247802734375
1236.30859375
1164.8369140625
1170.2745361328125
1058.571533203125
1045.802490234375
1147.1319580078125
1326.0181884765625
1030.8018798828125
1281.0877685546875
1066.83544921875
1207.9100341796875
1076.7764892578125
1082.9581298828125
1134.502685546875
1095.914794921875
1318.1324462890625
1385.1397705078125
1281.8148193359375
1304.18017578125
1227.61181640625
1072.3372802734375
1307.7969970703125
1238.8624267578125
1110.3271484375
1115.7896728515625
1157.69384765625
1121.266845703125
1203.6229248046875
1069.0614013671875
1247.56005859375
1151.2120361328125
1324.03173828125
1162.72509765625
1029.121826171875
1066.3328857421875
1162.5364990234375
1188.114013671875
1155.9925537109375
1191.059326171875
922.2155151367188
1132.027099609375
1182.40966796875
1318.5062255859375
1015.4279174804688
1083.094482421875
1022.3560791015625
1200.1517333984375
1115.3428955078125
1070.3580322265625
1006.7351684570312
1162.587646484375
1318.865234375
1187.9766845703125
1220.5264892578125
997.5816040039062
1044.2471923828125
1043.7418212890625
1190.408935546875
983.8948974609375
1107.497314453125
1058.6351318359375
1108.1781005859375
1205.4300537109375
1161.060546875
1187.1112060546875
1142.8887939453125
1249.8046875
1182.6815185546875
1185.4339599609375
1279.9031982421875
1074.16943359375
1055.0023193359375
1187.533447265625
1120.63232421875
1100.4677734375
1176.9239501953125
1104.1180419921875
1090.1904296875
1166.8709716796875
1026.3199462890625
1188.508056640625
1067.9742431640625
1182.0135498046875
1221.3768310546875
1273.3193359375
1130.374267578125
1099.3289794921875
1170.318115234375
996.7916870117188
1333.3359375
1213.015625
1080.4013671875
1324.911865234375
1257.085205078125
1154.5936279296875
1168.2843017578125
1047.33837890625
1152.6826171875
1108.362060546875
1150.82470703125
1143.3001708984375
1132.2855224609375
1079.3089599609375
1091.480712890625
1004.178955078125
1172.241943359375
1162.430419921875
1180.11865234375
1228.1541748046875
1219.4913330078125
1256.9981689453125
1292.36572265625
1327.1038818359375
1109.5728759765625
1321.2637939453125
1012.9747924804688
934.8440551757812
1184.591552734375
1086.3583984375
1126.3399658203125
1055.798095703125
1199.7264404296875
1080.84130859375
1123.7752685546875
1223.8177490234375
993.2176513671875
1190.890380859375
1077.24169921875
1191.4603271484375
1159.6824951171875
1299.8603515625
1119.2530517578125
1169.2822265625
1130.2996826171875
1418.8138427734375
1437.5645751953125
1159.7296142578125
1055.365966796875
1154.376953125
1302.0247802734375
1196.52197265625
1095.5301513671875
1267.0994873046875
1161.53662109375
980.7040405273438
1095.559814453125
1242.0760498046875
1109.1763916015625
894.785400390625
1037.789306640625
1068.789794921875
1164.152099609375
1146.844482421875
1190.5257568359375
1187.0616455078125
1025.4697265625
1116.1060791015625
1150.1856689453125
1180.5430908203125
1120.8863525390625
1246.099853515625
1121.97216796875
1263.466064453125
1133.822265625
1051.851806640625
1376.04296875
1184.409912109375
1241.3123779296875
1125.2386474609375
1305.0340576171875
1076.58203125
1056.7532958984375
1326.5985107421875
1048.5858154296875
1102.9971923828125
1296.429931640625
978.5421752929688
1272.6300048828125
1130.5631103515625
1326.6900634765625
1259.1033935546875
1070.0269775390625
1111.056884765625
1159.9632568359375
1065.0247802734375
1175.146484375
1137.3203125
1228.6717529296875
987.2958984375
914.9801025390625
1110.96044921875
1279.259521484375
1110.845458984375
1125.2373046875
1072.6199951171875
1179.914306640625
1246.3353271484375
1259.240478515625
1032.6754150390625
1202.5123291015625
1105.4384765625
1092.333740234375
1223.6988525390625
1319.135009765625
1339.133544921875
1255.7061767578125
1209.142822265625
1216.631591796875
1231.7978515625
1058.137939453125
1128.672607421875
1091.860107421875
1180.9913330078125
1016.8851928710938
1268.630126953125
1107.4986572265625
1264.014892578125
1291.3658447265625
1109.9793701171875
1137.9307861328125
1241.2093505859375
1275.982666015625
1149.496826171875
1139.7584228515625
1093.508056640625
1321.873779296875
926.223876953125
1089.3323974609375
1166.5538330078125
1021.5762939453125
1245.15966796875
1237.4349365234375
1053.13525390625
1118.0711669921875
1267.2900390625
1135.1463623046875
1283.4459228515625
1144.76953125
1099.509521484375
1143.4298095703125
1076.2412109375
968.3706665039062
1081.140380859375
1256.7548828125
1054.19091796875
1275.991943359375
1290.1824951171875
1092.6746826171875
1153.775390625
1172.8546142578125
1104.3392333984375
1148.643310546875
1186.4951171875
1268.7591552734375
1152.7926025390625
1069.496826171875
1083.2451171875
1245.0379638671875
1014.76171875
1241.36474609375
1240.987060546875
989.626953125
1106.88818359375
1025.2115478515625
1075.8858642578125
1142.2442626953125
1145.286376953125
1018.58642578125
1110.0675048828125
1284.6563720703125
995.8976440429688
1240.961669921875
1001.7669677734375
1117.6553955078125
1355.301025390625
1093.233642578125
1145.9271240234375
1313.385498046875
1231.934814453125
1005.084716796875
1109.6907958984375
1137.7353515625
1265.33837890625
1119.3438720703125
1166.0604248046875
1178.1221923828125
991.7911376953125
1370.2080078125
1110.5784912109375
1287.6285400390625
1231.2816162109375
1195.4532470703125
1262.6763916015625
1184.4451904296875
1162.3846435546875
1079.036376953125
1098.92236328125
1115.230712890625
1110.9952392578125
1334.49609375
1112.7564697265625
1141.8045654296875
1320.8106689453125
1291.312255859375
1116.9847412109375
1215.0223388671875
1317.83984375
1202.457763671875
1075.947998046875
925.3009643554688
1225.8564453125
1028.2525634765625
1078.37060546875
1235.1893310546875
1230.560546875
1028.9649658203125
1071.2425537109375
1150.291259765625
1308.9005126953125
1257.1300048828125
1191.6578369140625
1162.4658203125
1275.52685546875
1150.3641357421875
1040.0877685546875
1219.619873046875
1353.9620361328125
1141.4884033203125
1044.81787109375
1114.3505859375
1070.1988525390625
1105.994384765625
1098.0626220703125
1138.7847900390625
1101.8212890625
1166.444580078125
1127.2977294921875
1117.468017578125
1342.5081787109375
1097.1441650390625
941.7305297851562
1063.059814453125
1203.9462890625
1069.75927734375
1159.43310546875
1119.752685546875
1238.5440673828125
1166.0753173828125
1256.3160400390625
1166.926025390625
979.044921875
1121.87255859375
1234.4869384765625
1138.48828125
1008.4435424804688
1162.618896484375
1281.9356689453125
1111.888427734375
1084.908203125
1058.608642578125
1291.654296875
1191.5025634765625
1098.8743896484375
1161.6209716796875
1112.6600341796875
1108.05078125
1008.1878662109375
1087.231689453125
1086.9813232421875
1164.2933349609375
969.141357421875
1148.1922607421875
1109.0447998046875
1152.8179931640625
1059.705078125
1162.3406982421875
998.79150390625
1078.0006103515625
1181.0767822265625
1059.929443359375
1198.17919921875
1184.9964599609375
1219.7509765625
1145.3272705078125
909.44189453125
1141.253662109375
1058.9736328125
1083.01513671875
1199.4727783203125
1068.6207275390625
981.0708618164062
1139.458251953125
1083.059814453125
1117.958740234375
1181.433349609375
993.6217651367188
1256.0556640625
1214.62548828125
1098.84765625
1175.6636962890625
1301.1202392578125
1188.8568115234375
1137.4808349609375
1114.3984375
1093.8787841796875
1125.3658447265625
1255.5123291015625
1188.6300048828125
1272.0841064453125
1164.76904296875
1233.620849609375
1235.9718017578125
1182.96337890625
1116.8680419921875
1051.9249267578125
1050.1949462890625
1322.204345703125
1133.2822265625
1296.0478515625
1255.6209716796875
1000.1378173828125
1159.5162353515625
1154.458984375
981.0541381835938
1245.76904296875
1076.96484375
1290.0283203125
1139.53369140625
1084.564453125
1104.8123779296875
1308.5838623046875
1091.9969482421875
1031.758544921875
1140.64501953125
1267.447998046875
1223.7679443359375
