1307.961181640625
1295.831787109375
1296.5980224609375
1353.45849609375
1329.5982666015625
1349.63916015625
1360.5906982421875
1301.8184814453125
1342.291748046875
1296.56005859375
1345.3135986328125
1360.8436279296875
1330.79736328125
1343.059326171875
1308.876953125
1316.3154296875
1306.39306640625
1325.5006103515625
1322.791748046875
1325.02392578125
1353.53369140625
1256.997314453125
1319.5830078125
1307.279052734375
1317.7857666015625
1342.72216796875
1309.7393798828125
1348.2451171875
1287.6439208984375
1317.154052734375
1327.1644287109375
1305.6514892578125
1356.738037109375
1320.41650390625
1353.4488525390625
1347.473388671875
1297.8369140625
1333.85546875
1307.33935546875
1338.797607421875
1333.95068359375
1338.5943603515625
1320.4345703125
1317.7305908203125
1339.608642578125
1345.2041015625
1348.64794921875
1316.7005615234375
1314.6700439453125
1309.801513671875
1344.1099853515625
1308.2069091796875
1323.4322509765625
1339.382080078125
1307.6512451171875
1323.7447509765625
1343.0345458984375
1322.954345703125
1324.763427734375
1325.945556640625
1322.893798828125
1299.5150146484375
1323.0748291015625
1314.4990234375
1307.8824462890625
1320.1383056640625
1331.547607421875
1286.5576171875
1325.278564453125
1346.8431396484375
1328.1138916015625
1298.068359375
1331.4949951171875
1325.0054931640625
1355.8818359375
1292.2266845703125
1327.7847900390625
1304.13623046875
1333.2999267578125
1324.5802001953125
1296.55078125
1305.5467529296875
1297.86376953125
1281.42626953125
1335.448974609375
1334.746826171875
1299.6240234375
1314.508056640625
1288.9056396484375
1368.274169921875
1325.68994140625
1367.944580078125
1346.3438720703125
1334.6099853515625
1293.875732421875
1332.595458984375
1341.9486083984375
1298.8623046875
1334.1060791015625
1340.9739990234375
1348.068603515625
1321.8516845703125
1319.476318359375
1329.45654296875
1329.4739990234375
1368.9215087890625
1276.1287841796875
1311.669677734375
1303.387451171875
1314.4556884765625
1301.086669921875
1309.0599365234375
1308.8043212890625
1351.3634033203125
1334.966064453125
1312.8033447265625
1316.0438232421875
1312.7613525390625
1305.4310302734375
1319.4986572265625
1293.7371826171875
1304.1719970703125
1298.71630859375
1338.37060546875
1322.469970703125
1288.6363525390625
1304.04296875
1314.88330078125
1323.908935546875
1305.1134033203125
1301.4580078125
1297.1502685546875
1291.5469970703125
1311.3516845703125
1331.403076171875
1358.97216796875
1336.0313720703125
1338.5484619140625
1346.85498046875
1359.8812255859375
1355.4200439453125
1310.6429443359375
1324.73681640625
1309.5672607421875
1337.756103515625
1314.2109375
1324.776123046875
1324.2362060546875
1291.354248046875
1325.04638671875
1319.0728759765625
1299.8604736328125
1333.42529296875
1322.1395263671875
1286.257080078125
1336.5279541015625
1295.6142578125
1301.77099609375
1314.0772705078125
1357.54541015625
1332.98876953125
1318.8192138671875
1329.4444580078125
1339.6546630859375
1343.313720703125
1312.8397216796875
1308.6744384765625
1325.4075927734375
1336.9949951171875
1311.104736328125
1320.717529296875
1315.86572265625
1365.267822265625
1328.5965576171875
1335.3272705078125
1301.5849609375
1297.664306640625
1309.3001708984375
1332.7884521484375
1313.9117431640625
1299.427734375
1339.7393798828125
1324.7005615234375
1323.385986328125
1358.4783935546875
1344.7103271484375
1336.2763671875
1291.65771484375
1337.0074462890625
1316.0936279296875
1345.307373046875
1340.0198974609375
1321.837158203125
1298.2882080078125
1302.046630859375
1357.4952392578125
1370.398681640625
1315.130126953125
1357.6605224609375
1336.176513671875
1319.4019775390625
1291.326904296875
1321.439453125
1315.2265625
1363.7593994140625
1313.9549560546875
1312.955810546875
1326.7567138671875
1305.58203125
1319.767822265625
1293.2572021484375
1318.06201171875
1350.1302490234375
1350.5748291015625
1335.22509765625
1310.7391357421875
1306.321044921875
1328.7763671875
1333.2431640625
1352.1865234375
1310.5242919921875
1308.0128173828125
1312.751220703125
1300.2056884765625
1341.7310791015625
1299.8050537109375
1359.7877197265625
1310.592529296875
1362.1998291015625
1325.68212890625
1335.899658203125
1331.693603515625
1307.302001953125
1325.392333984375
1306.354248046875
1342.115234375
1310.576416015625
1340.01904296875
1311.8397216796875
1319.440185546875
1345.18896484375
1321.608642578125
1331.34619140625
1321.671142578125
1305.434326171875
1320.8211669921875
1323.9400634765625
1306.1239013671875
1337.24755859375
1294.400390625
1300.976318359375
1347.28564453125
1314.9617919921875
1325.72021484375
1295.20556640625
1299.8135986328125
1357.688232421875
1304.034912109375
1316.9227294921875
1316.51708984375
1281.864013671875
1323.3428955078125
1289.591552734375
1335.8896484375
1320.499755859375
1344.23583984375
1356.75439453125
1315.8096923828125
1317.29345703125
1313.5792236328125
1302.434814453125
1324.551513671875
1300.1319580078125
1359.38037109375
1321.720458984375
1396.33642578125
1344.4664306640625
1336.893798828125
1335.6124267578125
1345.4774169921875
1287.5634765625
1332.6358642578125
1296.4140625
1309.2440185546875
1306.330322265625
1300.31103515625
1287.7353515625
1301.6317138671875
1331.7889404296875
1336.8179931640625
1322.790283203125
1315.3701171875
1288.858642578125
1342.1053466796875
1308.514404296875
1326.19775390625
1319.901123046875
1311.5570068359375
1372.4237060546875
1337.4957275390625
1345.0972900390625
1334.9019775390625
1335.6585693359375
1328.0400390625
1336.9315185546875
1306.34912109375
1290.8323974609375
1318.6195068359375
1314.537353515625
1330.455078125
1349.2413330078125
1365.4228515625
1336.362548828125
1281.3221435546875
1346.3497314453125
1318.3436279296875
1331.383544921875
1350.576416015625
1333.8741455078125
1332.5665283203125
1307.032470703125
1319.8741455078125
1302.373291015625
1303.8653564453125
1327.17724609375
1310.1959228515625
1291.6036376953125
1322.5736083984375
1327.9327392578125
1319.5753173828125
1337.8341064453125
1286.6568603515625
1324.44873046875
1315.624267578125
1324.5460205078125
1325.37744140625
1319.59375
1326.7403564453125
1294.2962646484375
1322.0675048828125
1366.5081787109375
1322.3883056640625
1300.7386474609375
1390.8673095703125
1362.1475830078125
1330.35986328125
1347.8909912109375
1329.27099609375
1316.093505859375
1317.9879150390625
1302.5709228515625
1316.14208984375
1319.3123779296875
1351.8060302734375
1330.05517578125
1321.6126708984375
1312.133056640625
1295.4476318359375
1337.5006103515625
1313.3765869140625
1327.6383056640625
1342.7562255859375
1312.7586669921875
1322.6630859375
1326.2322998046875
1305.8111572265625
1297.860107421875
1333.0413818359375
1339.2105712890625
1319.986328125
1316.700927734375
1332.9560546875
1323.4617919921875
1313.0322265625
1336.4051513671875
1351.25244140625
1324.890380859375
1316.8236083984375
1378.05126953125
1305.91650390625
1326.8634033203125
1343.8111572265625
1334.913818359375
1319.6217041015625
1338.06787109375
1384.088623046875
1320.9600830078125
1320.178466796875
1321.712646484375
1331.175048828125
1331.060546875
1328.8216552734375
1295.379638671875
1304.4251708984375
1347.541748046875
1333.61083984375
1334.359619140625
1336.3109130859375
1374.1212158203125
1320.939697265625
1350.47998046875
1341.728515625
1316.120361328125
1353.3704833984375
1318.3973388671875
1317.457763671875
1316.8167724609375
1321.09423828125
1333.1119384765625
1337.2088623046875
1350.140380859375
1320.193359375
1329.6328125
1299.4454345703125
1337.0570068359375
1329.1507568359375
1337.6688232421875
1325.99658203125
1296.25439453125
1325.5987548828125
1306.7274169921875
1318.868408203125
1342.383056640625
1303.519287109375
1353.453369140625
1324.0230712890625
1316.6363525390625
1317.7750244140625
1359.9984130859375
1328.9266357421875
1291.9677734375
1310.5462646484375
1317.3284912109375
1313.116943359375
1332.550537109375
1338.7235107421875
1317.5831298828125
1318.0712890625
1338.856689453125
1294.851318359375
1321.2369384765625
1311.282470703125
1305.6907958984375
1340.5855712890625
1324.757568359375
1340.33935546875
1372.896484375
1339.7366943359375
1304.836181640625
1331.6064453125
1306.047119140625
1375.1536865234375
1346.016357421875
1315.302001953125
1340.0777587890625
1353.0877685546875
1308.308837890625
1313.2392578125
1319.7147216796875
1326.5738525390625
1323.80029296875
1325.208984375
1312.9046630859375
1321.58154296875
1343.5069580078125
1323.440673828125
1298.9482421875
1328.237548828125
1321.1187744140625
1341.46044921875
1327.5638427734375
1310.9072265625
1287.1326904296875
1326.9576416015625
1336.8642578125
1336.6063232421875
1296.2890625
1319.0174560546875
1328.844482421875
1316.6348876953125
1312.9940185546875
1345.045654296875
1305.3826904296875
1303.7198486328125
1307.8155517578125
1289.59423828125
1335.08203125
1303.5565185546875
1326.01171875
1304.3525390625
1317.566650390625
1340.743896484375
1326.996337890625
1303.7386474609375
1296.9237060546875
1340.163818359375
1328.1422119140625
1330.2591552734375
1332.5166015625
1329.9344482421875
