0.000397074 0.791595 0.39472225308418274 0.000734462 1.01691 1.0115907192230225 -0.00308916 -1.19559 -1.103406548500061
0.000794149 1.55834 1.2119054794311523 0.00146892 2.01269 2.0315165519714355 -0.00617832 -2.37422 -2.158712863922119
0.00119122 2.22374 1.8757730722427368 0.00220339 2.92189 2.9548072814941406 -0.00926747 -3.47624 -3.192650079727173
0.0015883 2.58721 2.4004669189453125 0.00293785 3.5939 3.790281057357788 -0.0123566 -4.36418 -4.120278835296631
0.00198537 2.83846 2.77614688873291 0.00367231 4.18602 4.551116943359375 -0.0154458 -5.14822 -4.9140214920043945
0.00238245 2.99839 3.0411593914031982 0.00440677 4.72757 5.257185935974121 -0.0185349 -5.82528 -5.580721855163574
0.00277952 3.06904 3.2324061393737793 0.00514123 5.21799 5.904659271240234 -0.0216241 -6.3753 -6.124436855316162
0.00317659 3.02554 3.3519492149353027 0.00587569 5.62103 6.481484889984131 -0.0247133 -6.82009 -6.554440021514893
0.00357367 2.88469 3.4308745861053467 0.00661016 5.93086 6.996886730194092 -0.0278024 -7.18193 -6.899511337280273
0.00397074 2.69134 3.4912495613098145 0.00734462 6.17395 7.454431533813477 -0.0308916 -7.48609 -7.176985263824463
0.00436782 2.49827 3.5171148777008057 0.00807908 6.4037 7.830499649047852 -0.0339807 -7.756410000000001 -7.420477867126465
0.00476489 2.31128 3.5233101844787598 0.00881354 6.63485 8.14614486694336 -0.0370699 -7.99685 -7.653223514556885
0.00516197 2.13415 3.5202443599700928 0.009548 6.86792 8.419410705566406 -0.0401591 -8.20818 -7.851353645324707
0.00555904 1.97241 3.511662244796753 0.0102825 7.1015 8.679981231689453 -0.0432482 -8.39106 -8.035106658935547
0.00595611 1.82896 3.501762866973877 0.0110169 7.33083 8.923592567443848 -0.04633740000000001 -8.54766 -8.203904151916504
0.00555904 1.03736 3.2362422943115234 0.0102825 6.31392 8.618401527404785 -0.0432482 -7.35206 -7.7979207038879395
0.00516197 0.24576900000000002 2.8626222610473633 0.009548 5.29701 7.9802470207214355 -0.0401591 -6.15647 -7.083280086517334
0.00476489 -0.545826 2.3933098316192627 0.00881354 4.2801 7.112144470214844 -0.0370699 -4.96088 -6.138213634490967
0.00436782 -1.33742 1.8530030250549316 0.00807908 3.26319 6.09437370300293 -0.0339807 -3.76528 -5.052640914916992
0.00476489 -0.545826 1.8430399894714355 0.00881354 4.2801 6.045277118682861 -0.0370699 -4.96088 -4.884703159332275
0.00516197 0.24576900000000002 2.100067138671875 0.009548 5.29701 6.479479789733887 -0.0401591 -6.15647 -5.233699321746826
0.00555904 1.03736 2.4487967491149902 0.0102825 6.31392 7.149179458618164 -0.0432482 -7.35206 -5.855489253997803
0.00595611 1.82896 2.755983829498291 0.0110169 7.33083 7.863826274871826 -0.04633740000000001 -8.54766 -6.576322078704834
0.00635319 1.70247 3.0110199451446533 0.0117514 7.54738 8.50306510925293 -0.0494265 -8.67927 -7.287520408630371
0.00675026 1.59192 3.2373077869415283 0.0124859 7.751099999999999 9.060384750366211 -0.0525157 -8.7854 -7.965076923370361
0.00714734 1.49687 3.366985559463501 0.0132203 7.946980000000001 9.456384658813477 -0.0556048 -8.86744 -8.453154563903809
0.00754441 1.41654 3.410100221633911 0.0139548 8.14083 9.691719055175781 -0.058694 -8.92964 -8.699723243713379
0.00794149 1.35007 3.4553933143615723 0.0146892 8.33301 9.875768661499023 -0.0617832 -8.97632 -8.897448539733887
0.00833856 1.29627 3.4846506118774414 0.0154237 8.52169 10.026835441589355 -0.0648723 -9.0111 -9.051019668579102
0.00873563 1.25337 3.523331642150879 0.0161582 8.70389 10.141302108764648 -0.0679615 -9.03716 -9.17917251586914
