1105.161865234375
1155.8634033203125
1118.9500732421875
1091.8021240234375
1161.5533447265625
1139.2476806640625
1145.2869873046875
1152.821533203125
1151.256591796875
1108.3441162109375
1122.677734375
1124.9853515625
1164.09033203125
1172.12255859375
1139.517578125
1122.4920654296875
1091.9268798828125
1155.8929443359375
1131.6468505859375
1112.2423095703125
1116.4615478515625
1069.112548828125
1156.4559326171875
1099.1492919921875
1146.923095703125
1153.8570556640625
1159.833984375
1120.1793212890625
1122.806640625
1116.989013671875
1173.497802734375
1139.9193115234375
1152.5433349609375
1127.62451171875
1165.943359375
1163.4232177734375
1167.82177734375
1130.9429931640625
1131.3861083984375
1137.4637451171875
1140.0311279296875
1188.8524169921875
1126.30419921875
1146.179443359375
1131.373779296875
1182.44677734375
1133.6153564453125
1114.360595703125
1179.824462890625
1116.866943359375
1160.32373046875
1154.45654296875
1172.206298828125
1108.014892578125
1131.140380859375
1118.259765625
1087.0433349609375
1137.264404296875
1129.16015625
1102.1318359375
1126.7625732421875
1170.2762451171875
1140.371337890625
1106.5804443359375
1119.87841796875
1171.5526123046875
1110.4337158203125
1131.6719970703125
1157.1239013671875
1143.5162353515625
1177.960205078125
1145.085693359375
1172.0133056640625
1159.4873046875
1156.71826171875
1175.151123046875
1122.75341796875
1172.984130859375
1154.7354736328125
1176.7008056640625
1104.8575439453125
1170.7470703125
1197.5196533203125
1148.4422607421875
1149.5704345703125
1163.563720703125
1129.3812255859375
1120.208740234375
1103.6844482421875
1119.0394287109375
1172.8802490234375
1113.7208251953125
1137.7647705078125
1175.191650390625
1190.521240234375
1101.1068115234375
1205.5499267578125
1141.3411865234375
1111.376708984375
1170.388427734375
1207.5733642578125
1200.454345703125
1099.282958984375
1152.3411865234375
1165.8446044921875
1125.472900390625
1117.0902099609375
1125.1732177734375
1133.739501953125
1101.1190185546875
1121.17919921875
1114.649658203125
1116.1595458984375
1118.624267578125
1152.7777099609375
1112.197509765625
1177.6357421875
1093.4874267578125
1143.1563720703125
1103.1827392578125
1159.2760009765625
1175.2275390625
1159.4339599609375
1119.406005859375
1124.6409912109375
1135.7003173828125
1068.099609375
1144.20751953125
1168.0706787109375
1157.1148681640625
1148.81689453125
1111.080078125
1111.953857421875
1165.767333984375
1102.620849609375
1115.8829345703125
1136.9434814453125
1124.8502197265625
1165.8355712890625
1133.9947509765625
1172.2886962890625
1123.3411865234375
1191.2125244140625
1147.6834716796875
1135.376953125
1154.41748046875
1148.675048828125
1105.095703125
1141.942138671875
1157.2086181640625
1107.748779296875
1160.8280029296875
1116.6680908203125
1160.9259033203125
1155.115234375
1124.57470703125
1134.615234375
1176.5714111328125
1149.8870849609375
1206.898681640625
1143.8787841796875
1107.143798828125
1097.9117431640625
1161.3673095703125
1155.513916015625
1126.953857421875
1180.8880615234375
1141.73486328125
1108.55078125
1090.7650146484375
1158.408447265625
1139.6512451171875
1142.073486328125
1123.5458984375
1135.7086181640625
1177.313720703125
1124.671142578125
1169.4697265625
1151.4365234375
1180.338134765625
1157.6756591796875
1155.7462158203125
1105.809814453125
1142.6041259765625
1088.106201171875
1227.647705078125
1127.2386474609375
1157.2664794921875
1125.7509765625
1131.7435302734375
1178.16650390625
1112.765625
1164.023193359375
1140.3941650390625
1124.9534912109375
1133.7164306640625
1152.5802001953125
1135.8594970703125
1163.1114501953125
1146.3648681640625
1171.5958251953125
1174.015869140625
1132.84912109375
1084.1405029296875
1148.2015380859375
1127.5343017578125
1141.8935546875
1155.5634765625
1180.371337890625
1094.4007568359375
1125.50439453125
1127.2000732421875
1100.1259765625
1167.9144287109375
1133.656494140625
1176.5806884765625
1103.619140625
1165.503173828125
1115.60693359375
1121.8280029296875
1132.8741455078125
1120.613525390625
1166.0078125
1105.3466796875
1145.7025146484375
1119.767578125
1191.099853515625
1054.9052734375
1218.1510009765625
1115.276611328125
1190.7296142578125
1107.4483642578125
1098.3153076171875
1120.6461181640625
1160.47998046875
1121.1578369140625
1150.1048583984375
1181.4732666015625
1097.9097900390625
1147.0302734375
1149.985107421875
1181.3614501953125
1112.340087890625
1156.69189453125
1139.1314697265625
1090.260009765625
1130.6322021484375
1137.06787109375
1135.302734375
1124.7501220703125
1188.6864013671875
1139.7974853515625
1183.9901123046875
1128.144775390625
1158.157958984375
1149.3558349609375
1118.183349609375
1102.1285400390625
1099.299560546875
1114.2686767578125
1160.5802001953125
1094.5167236328125
1115.6728515625
1143.86328125
1103.6875
1133.691650390625
1162.5706787109375
1122.5977783203125
1153.0509033203125
1150.3291015625
1175.4520263671875
1149.583984375
1142.8956298828125
1071.7841796875
1131.2978515625
1155.0616455078125
1148.6566162109375
1133.3016357421875
1171.9625244140625
1139.927001953125
1161.8089599609375
1125.3607177734375
1187.808837890625
1148.412841796875
1148.92919921875
1125.7613525390625
1167.84130859375
1067.13818359375
1144.69970703125
1084.136474609375
1116.443359375
1122.96826171875
1126.593994140625
1149.8138427734375
1136.9595947265625
1185.8590087890625
1136.0426025390625
1149.62353515625
1159.6064453125
1152.9412841796875
1158.2796630859375
1140.711669921875
1209.7410888671875
1099.00048828125
1138.1259765625
1185.190185546875
1148.9747314453125
1116.3995361328125
1155.70361328125
1121.390380859375
1174.990478515625
1155.912109375
1125.3009033203125
1157.8275146484375
1150.1094970703125
1168.3416748046875
1126.67919921875
1146.956787109375
1188.9864501953125
1151.243408203125
1112.943603515625
1123.4263916015625
1112.583984375
1117.4617919921875
1175.891357421875
1140.5244140625
1117.1329345703125
1158.2147216796875
1137.41796875
1097.16796875
1131.391357421875
1163.4810791015625
1136.1224365234375
1064.3671875
1177.3253173828125
1107.3582763671875
1089.3472900390625
1155.2392578125
1106.9503173828125
1113.3970947265625
1094.6737060546875
1178.3319091796875
1112.8505859375
1142.864990234375
1123.052490234375
1127.33984375
1133.0079345703125
1175.037109375
1146.1375732421875
1135.204833984375
1184.1876220703125
1161.2125244140625
1119.52880859375
1167.9609375
1188.3123779296875
1153.7154541015625
1139.811279296875
1125.5823974609375
1122.456787109375
1212.810546875
1119.9163818359375
1116.6673583984375
1122.362060546875
1122.55078125
1151.1634521484375
1167.5892333984375
1113.740478515625
1166.460693359375
1171.2659912109375
1109.08837890625
1176.855712890625
1148.2833251953125
1183.4765625
1100.2261962890625
1141.61572265625
1114.5604248046875
1161.6259765625
1075.81201171875
1164.0543212890625
1133.9578857421875
1138.9068603515625
1128.5040283203125
1106.1776123046875
1121.72705078125
1118.7149658203125
1172.4156494140625
1135.336181640625
1138.8504638671875
1079.305908203125
1137.077392578125
1143.87451171875
1105.34619140625
1173.143798828125
1132.290771484375
1189.6663818359375
1145.1976318359375
1177.48388671875
1181.24267578125
1130.0948486328125
1144.4617919921875
1173.9527587890625
1178.086669921875
1146.661376953125
1093.058837890625
1177.982177734375
1169.513671875
1153.310302734375
1168.9473876953125
1110.8536376953125
1125.55029296875
1116.88134765625
1099.952392578125
1124.8746337890625
1253.440185546875
1123.9996337890625
1172.7784423828125
1114.7962646484375
1092.2857666015625
1092.8656005859375
1087.6588134765625
1103.180908203125
1216.178955078125
1176.608642578125
1162.3154296875
1132.063232421875
1115.707763671875
1122.0828857421875
1129.3690185546875
1138.436767578125
1134.28662109375
1157.970703125
1076.7955322265625
1206.873291015625
1155.2291259765625
1158.2547607421875
1149.9075927734375
1154.8092041015625
1101.4864501953125
1084.39501953125
1129.9736328125
1161.6976318359375
1137.257080078125
1154.941650390625
1157.0428466796875
1164.6187744140625
1183.7537841796875
1154.9312744140625
1124.224609375
1120.61328125
1161.8123779296875
1225.2420654296875
1142.2001953125
1148.40234375
1155.993408203125
1129.43896484375
1119.8714599609375
1110.5863037109375
1141.034912109375
1167.7938232421875
1144.6014404296875
1151.727294921875
1116.2161865234375
1181.2958984375
1059.7025146484375
1148.9461669921875
1160.6790771484375
1135.8743896484375
1149.1302490234375
1151.615966796875
1149.90283203125
1108.44970703125
1133.4976806640625
1162.3682861328125
1156.2352294921875
1113.3021240234375
1163.6805419921875
1137.8111572265625
1153.3988037109375
1129.4459228515625
1113.2586669921875
1182.881591796875
1100.294921875
1102.4560546875
1112.751953125
1135.1971435546875
1139.44677734375
1128.9632568359375
1061.059326171875
1159.8792724609375
1145.1300048828125
1098.7728271484375
1136.5513916015625
1143.9595947265625
1111.1910400390625
1089.322021484375
1158.04833984375
1117.713134765625
1154.0426025390625
1166.3236083984375
1168.7996826171875
