0.000431372 -0.97611 0.4578770399093628 -0.00221201 -4.88515 -3.482318639755249 -0.00099934 -0.742318 -0.028878817334771156
0.000548284 -1.24066 0.3178879916667938 -0.00281151 -6.20913 -3.699375867843628 -0.00127018 -0.943503 -0.08170226216316223
0.000362735 -0.820798 0.2625529170036316 -0.00186005 -4.10785 -2.2661337852478027 -0.000840332 -0.624205 -0.02141433395445347
-0.000104866 0.237291 0.05881830304861069 0.000537735 1.18757 1.009161114692688 0.000242938 0.180456 0.08306407183408737
-0.000821735 1.8544 -0.08318425714969635 0.00421373 9.28354 5.681686878204346 0.00190368 1.40681 0.2231472134590149
-0.00174317 3.72626 -0.23686471581459045 0.00893873 18.7413 10.724684715270996 0.00403834 2.75219 0.33987921476364136
-0.00281326 4.98607 -0.5106269717216492 0.014425999999999998 25.7344 14.535982131958008 0.00651737 3.36977 0.3577198088169098
-0.00396613 5.35503 -0.9714525938034058 0.0203377 29.458 16.641403198242188 0.00918815 3.24597 0.2998743951320648
-0.0051282 5.47023 -1.535648226737976 0.0262966 31.575299999999995 17.72873878479004 0.0118803 2.93479 0.2683620750904083
-0.00622196 5.76316 -2.078263521194458 0.0319052 32.8246 18.521793365478516 0.0144141 2.52416 0.2173689752817154
-0.00717124 6.21126 -2.5794129371643066 0.036773 33.6246 19.094757080078125 0.0166133 2.09117 0.162923201918602
-0.00790798 6.59608 -3.0067505836486816 0.0405509 34.1414 19.493953704833984 0.0183201 1.75734 0.10166852176189423
-0.00837955 6.83841 -3.3145785331726074 0.042969 34.4323 19.656034469604492 0.0194125 1.55934 0.050930384546518326
-0.00855551 6.92728 -3.472562074661255 0.0438713 34.5334 19.61963653564453 0.0198202 1.48942 0.016689201816916466
-0.00843239 6.64868 -3.449479103088379 0.04324 33.1391 19.315959930419922 0.0195349 1.27755 -0.0048728398978710175
-0.00803498 5.74943 -3.2306787967681885 0.0412021 28.6386 18.521442413330078 0.0186143 0.593681 -0.025219017639756203
-0.007413519999999999 4.34318 -2.8683900833129883 0.0380154 21.6008 16.943613052368164 0.0171746 -0.47574700000000003 -0.06640174239873886
-0.006636639999999999 2.58524 -2.4531097412109375 0.0340316 12.8028 14.4042387008667 0.0153748 -1.81263 -0.1265847235918045
-0.00578104 0.668216 -2.0526530742645264 0.0296443 3.18808 10.954231262207031 0.0133927 -3.25919 -0.19817408919334412
-0.0049197 -1.0182 -1.6834156513214111 0.0252274 -5.41449 6.940308570861816 0.0113972 -4.41301 -0.2914084196090698
-0.0041106 -2.11457 -1.3551056385040283 0.021078500000000003 -12.105 2.8149681091308594 0.00952284 -5.11368 -0.36836516857147217
-0.00338836 -2.79525 -1.1058672666549683 0.017375 -17.0705 -0.5995634198188782 0.00784966 -5.48153 -0.42515236139297485
-0.00276027 -3.11315 -0.9210385084152222 0.014154199999999999 -20.1817 -2.9423961639404297 0.00639459 -5.55266 -0.4621354639530182
-0.00220755 -3.27102 -0.7257640957832336 0.01132 -22.5742 -4.496431350708008 0.00511414 -5.5545 -0.46366891264915466
-0.00169167 -3.30449 -0.5070194602012634 0.00867464 -24.4069 -5.519679546356201 0.00391903 -5.50665 -0.41691210865974426
