-0.005596589999999999 -10.9117 -8.848522186279297 0.00339138 2.92739 4.291679382324219 -0.00298846 -2.58121 -0.21013109385967255
-0.011673299999999998 -21.0314 -14.117460250854492 0.00707371 5.70332 7.715663909912109 -0.00623329 -5.16928 -0.7032673954963684
-0.0180478 -27.8109 -17.359634399414062 0.0109365 7.65264 10.202488899230957 -0.00963713 -7.18856 -0.9648280143737793
-0.0244463 -31.247999999999998 -19.346988677978516 0.0148138 8.39475 12.168177604675293 -0.013053799999999999 -8.67082 -1.2068184614181519
-0.0305405 -32.5003 -20.364612579345703 0.0185067 8.55082 13.745885848999023 -0.016308 -9.65351 -1.3880552053451538
-0.0359978 -32.9398 -20.82432746887207 0.021813700000000002 8.74776 14.893413543701172 -0.019222 -10.2085 -1.518010139465332
-0.04052809999999999 -33.1118 -21.24300193786621 0.0245589 8.91878 15.641109466552734 -0.021641100000000003 -10.5269 -1.675093412399292
-0.04392 -33.177 -21.408920288085938 0.026614300000000004 9.04321 15.961750984191895 -0.023452299999999995 -10.7055 -1.7890725135803223
-0.046058 -33.1979 -21.434005737304688 0.027909900000000005 9.12129 16.139955520629883 -0.024594 -10.797 -1.8066521883010864
-0.0469215 -33.2028 -21.382888793945312 0.0284332 9.15282 16.188217163085938 -0.0250551 -10.8301 -1.814316987991333
-0.04656629999999999 -32.5073 -21.162267684936523 0.0282179 8.96706 16.05536460876465 -0.0248654 -10.6662 -1.7906169891357422
-0.045096300000000006 -29.6291 -20.47806167602539 0.0273271 8.19843 15.507026672363281 -0.024080399999999995 -9.98806 -1.710189700126648
-0.0426331 -24.8064 -18.95054054260254 0.0258345 6.91051 14.2373046875 -0.0227652 -8.85173 -1.556750774383545
-0.0392907 -18.2621 -16.360750198364258 0.0238091 5.16282 12.238471031188965 -0.0209804 -7.30973 -1.3014051914215088
-0.0351602 -10.1749 -12.564034461975098 0.0213061 3.00308 9.698060989379883 -0.0187748 -5.40419 -0.9174720048904419
-0.0303092 -0.71432 -7.327523708343506 0.0183665 0.464135 6.639098167419434 -0.0161844 -3.15956 -0.4026661217212677
-0.024792400000000003 9.12884 -0.6247544884681702 0.015023499999999999 -2.44117 3.0450971126556396 -0.0132386 -0.6383 0.20927688479423523
-0.0186715 19.2105 6.610649585723877 0.0113144 -5.57294 -0.7039152383804321 -0.00997019 1.9620099999999998 0.796728789806366
-0.0120363 26.643 12.688472747802734 0.0072937 -7.71789 -4.28941011428833 -0.00642715 4.42955 1.2305814027786255
-0.00502272 30.0464 16.500797271728516 0.00304363 -8.2709 -7.101254463195801 -0.00268203 6.59716 1.0503013134002686
0.00217971 31.6649 16.4237117767334 -0.00132084 -8.62323 -7.308721542358398 0.00116392 8.22561 0.3100507855415344
0.00933199 32.4391 21.017656326293945 -0.00565493 -8.95018 -10.802558898925781 0.00498308 9.35824 1.1624997854232788
0.0161627 32.8105 22.76332664489746 -0.00979415 -9.1967 -13.221890449523926 0.00863052 10.0945 1.9981443881988525
0.0223937 32.9692 22.744964599609375 -0.01357 -9.38378 -14.586455345153809 0.0119578 10.5422 2.3879640102386475
0.027770299999999998 33.0144 22.267715454101562 -0.016828 -9.53039 -15.431769371032715 0.0148287 10.7905 2.565004587173462
