0.00211207 4.64447 3.853133201599121 -0.000856626 -0.294684 -1.353338360786438 -0.00236164 -1.9213599999999997 -0.4208349585533142
0.00472565 10.3586 7.466780662536621 -0.0019166599999999997 -0.66585 -2.419384717941284 -0.00528405 -4.28749 -0.8993079662322998
0.00794158 16.9477 11.653889656066895 -0.0032209900000000004 -1.1985 -4.1527791023254395 -0.00887997 -7.05309 -1.3784962892532349
0.011802900000000002 22.9084 15.32465934753418 -0.00478708 -1.91741 -6.039481163024902 -0.0131975 -9.5835 -1.8109371662139893
0.0162771 27.1941 17.984975814819336 -0.00660178 -2.99194 -7.823317527770996 -0.0182005 -11.5338 -2.1375646591186523
0.0212506 28.7784 19.981212615966797 -0.00861894 -5.04347 -9.637869834899902 -0.0237616 -12.4292 -2.3942160606384277
0.026532 29.0211 21.452360153198242 -0.010761 -7.652350000000001 -11.456239700317383 -0.0296671 -12.615 -2.590642213821411
0.0318674 29.0271 22.544973373413086 -0.012925 -9.96757 -13.099319458007812 -0.035633 -12.7091 -2.6997153759002686
0.0369635 28.959 23.272024154663086 -0.0149919 -11.7722 -14.476402282714844 -0.0413312 -12.7835 -2.7353553771972656
0.041518 28.8651 23.68814468383789 -0.0168391 -13.0156 -15.552764892578125 -0.046423900000000004 -12.852 -2.7828545570373535
0.0452515 28.7687 23.868019104003906 -0.0183534 -13.7917 -16.3829288482666 -0.0505985 -12.9135 -2.8353662490844727
0.0479358 28.6898 23.803180694580078 -0.0194421 -14.2385 -16.895689010620117 -0.05360000000000001 -12.9614 -2.8273210525512695
0.0494149 28.6436 23.647951126098633 -0.020042 -14.453 -17.209814071655273 -0.0552539 -12.9888 -2.8486616611480713
0.0496133 28.6373 23.38065528869629 -0.0201225 -14.4804 -17.31341552734375 -0.055475699999999996 -12.9926 -2.8419973850250244
0.0485315 26.2584 22.766889572143555 -0.0196837 -14.3295 -17.07451629638672 -0.0542661 -12.0085 -2.7644970417022705
0.0462309 21.1995 21.195268630981445 -0.0187506 -14.0085 -16.24880027770996 -0.0516937 -9.91563 -2.5397956371307373
0.0428115 13.6801 18.22627067565918 -0.0173638 -13.5314 -14.856597900390625 -0.0478702 -6.80493 -2.112515687942505
0.0383885 3.9546300000000003 13.703227043151855 -0.0155699 -12.9103 -13.035308837890625 -0.0429246 -2.78299 -1.4458707571029663
0.0330756 -7.45178 7.779932022094727 -0.013415 -12.1045 -10.767938613891602 -0.0369839 1.9724699999999997 -0.5589513778686523
0.026977099999999997 -19.0375 1.2557191848754883 -0.0109415 -10.819 -7.853702545166016 -0.0301647 6.90976 0.4168282151222229
0.0201933 -27.4199 -5.100482940673828 -0.00819011 -8.40837 -4.312965393066406 -0.0225794 10.9223 1.2932496070861816
0.012836 -29.163 -10.890968322753906 -0.0052061 -3.91327 -0.29821211099624634 -0.0143527 12.0898 1.8948731422424316
0.00504985 -29.4041 -15.052539825439453 -0.00204815 1.29327 3.0336356163024902 -0.00564655 12.408 1.953944444656372
-0.00296735 -29.3488 -15.289759635925293 0.00120352 6.2318 4.8658552169799805 0.0033179800000000003 12.538 0.7140429019927979
-0.0109523 -29.2231 -17.758255004882812 0.00444212 10.1812 8.396947860717773 0.0122465 12.6477 1.321314811706543
