0.00397331 7.58835 6.728669166564941 0.00252475 6.01128 5.045070648193359 0.000105682 -0.0446321 0.02546311542391777
0.00689921 12.8726 10.145912170410156 0.00438396 10.2796 8.136635780334473 0.00018350500000000004 -0.102246 0.3484225273132324
0.00882333 15.909399999999998 12.210827827453613 0.005606590000000001 12.8074 9.967514038085938 0.000234683 -0.160596 0.516951322555542
0.00981273 17.2721 13.01544189453125 0.00623528 13.9709 10.799736022949219 0.000260999 -0.202642 0.6076412200927734
0.00997165 17.4737 12.919973373413086 0.00633626 14.1448 10.820531845092773 0.000265225 -0.210857 0.6605142951011658
0.00944142 16.4608 12.00661563873291 0.00599934 13.3425 10.11270809173584 0.000251122 -0.20493 0.6813952326774597
0.00839323 14.4584 10.394182205200195 0.0053333 11.7566 8.792952537536621 0.000223243 -0.193212 0.6604798436164856
0.00701322 11.8221 8.308573722839355 0.0044564 9.66865 7.052250862121582 0.000186537 -0.177784 0.5920845866203308
0.00548277 8.89844 6.051688194274902 0.00348391 7.35307 5.167466163635254 0.000145831 -0.160674 0.47695422172546387
0.00395995 5.98935 3.9413156509399414 0.00251626 5.04904 3.4241151809692383 0.000105327 -0.14365 0.32590216398239136
0.00256803 3.33032 2.1907057762145996 0.0016318 2.94306 1.9895453453063965 6.83043e-05 -0.128089 0.16530366241931915
0.0013953399999999997 1.09009 0.8520500063896179 0.000886637 1.16877 0.9066098928451538 3.71132e-05 -0.114979 0.04228924214839935
0.000506506 -0.607871 -0.19564759731292725 0.000321848 -0.176038 0.07159096747636795 1.3472e-05 -0.105042 -0.006565786432474852
-3.92586e-05 -1.65046 -0.7977736592292786 -2.4946e-05 -1.00178 -0.4313606321811676 -1.0442e-06 -0.0989411 -0.028561623767018318
-0.000170314 -1.90082 -0.8573685884475708 -0.00010822200000000001 -1.20007 -0.4676969349384308 -4.53001e-06 -0.0974759 -0.042154718190431595
0.00020681 -1.18039 -0.22476261854171753 0.000131413 -0.629481 0.04598500207066536 5.50072e-06 -0.101692 -0.040318697690963745
0.0012029 0.722463 1.3874330520629883 0.000764354 0.877602 1.325920820236206 3.19946e-05 -0.112828 -0.03498505428433418
0.00292694 4.01596 4.231513977050781 0.00185986 3.48609 3.571843147277832 7.78507e-05 -0.132102 0.025147683918476105
0.00545734 8.84985 8.058171272277832 0.00346775 7.31459 6.5651655197143555 0.000145154 -0.16039 0.18664297461509705
0.0088123 15.258899999999999 12.320501327514648 0.00559958 12.3907 9.988871574401855 0.00023438900000000002 -0.197897 0.3873802125453949
0.0129299 20.1928 15.825865745544434 0.00821599 16.6058 13.119284629821777 0.000343908 -0.440663 0.4658394753932953
0.0176654 21.518 18.155994415283203 0.011225100000000002 18.2576 15.465370178222656 0.000469865 -0.994495 0.5186713337898254
0.0228101 21.9215 19.595748901367188 0.0144942 18.6663 17.082033157348633 0.000606701 -1.24899 0.5210902690887451
0.0281252 22.1837 20.617637634277344 0.0178716 18.74 18.148052215576172 0.0007480739999999999 -1.41146 0.4840931296348572
0.0333859 22.385 21.31191635131836 0.021214399999999998 18.7489 18.999324798583984 0.000887998 -1.53341 0.3756328225135803
