-0.000271518 -0.318662 -0.6184292435646057 0.00019572800000000002 0.189447 0.13865303993225098 0.000833722 0.388169 0.2762172222137451
-0.00023720200000000002 -0.278388 -0.4663273096084595 0.00017099 0.165503 0.04334533214569092 0.000728352 0.33911 0.19058866798877716
0.000156401 0.183557 -0.14146852493286133 -0.000112744 -0.109126 -0.26894593238830566 -0.000480244 -0.223595 -0.14119206368923187
0.000911928 1.07027 0.6564409136772156 -0.000657375 -0.63628 -0.7727522850036621 -0.00280016 -1.30371 -0.8177984356880188
0.00198114 2.32512 1.9507447481155396 -0.00142813 -1.3823 -1.4437404870986938 -0.006083260000000001 -2.83228 -1.794250726699829
0.00327347 3.7984899999999997 3.3043694496154785 -0.00235972 -2.27464 -2.316462516784668 -0.0100515 -4.64258 -2.8522796630859375
0.00467191 5.21297 4.455709934234619 -0.00336781 -3.20775 -3.222069025039673 -0.0143455 -6.45409 -3.8211467266082764
0.00605289 6.31113 5.389806270599365 -0.0043633 -4.02271 -4.108914852142334 -0.0185859 -7.95693 -4.605522632598877
0.007306330000000001 6.86847 6.1201701164245605 -0.005266860000000001 -4.72971 -4.899104595184326 -0.0224347 -8.9997 -5.183725357055664
0.00835179 7.09033 6.656466484069824 -0.0060205 -5.31626 -5.539290428161621 -0.0256449 -9.68997 -5.567311763763428
0.00914756 7.19305 7.003457546234131 -0.00659414 -5.74129 -5.996716499328613 -0.028088399999999996 -10.1455 -5.772891998291016
0.00969111 7.23885 7.221924304962158 -0.00698596 -6.02016 -6.308793067932129 -0.0297574 -10.4254 -5.877485275268555
0.0100113 7.25823 7.3414082527160645 -0.00721677 -6.17883 -6.497375011444092 -0.030740599999999996 -10.5791 -5.9108452796936035
0.0101545 7.26539 7.39237117767334 -0.00731998 -6.24816 -6.602551460266113 -0.031180200000000005 -10.6452 -5.9115190505981445
0.0101683 7.26603 7.393604755401611 -0.00732993 -6.25479 -6.633656978607178 -0.031222599999999996 -10.6515 -5.884363651275635
0.0100872 7.17083 7.35120964050293 -0.0072714599999999996 -6.19819 -6.601711273193359 -0.0309735 -10.5356 -5.832935333251953
0.00992353 6.97879 7.254364490509033 -0.007153509999999999 -6.08403 -6.505815029144287 -0.0304711 -10.3017 -5.744685173034668
0.00966685 6.67754 7.0885467529296875 -0.006968470000000001 -5.90493 -6.340797424316406 -0.0296829 -9.93469 -5.604186058044434
0.00929082 6.23622 6.831935405731201 -0.00669741 -5.64256 -6.086503028869629 -0.0285283 -9.39711 -5.390861988067627
0.00876693 5.62137 6.454615592956543 -0.006319759999999999 -5.27703 -5.718144416809082 -0.0269197 -8.64815 -5.079736232757568
0.00808046 4.81571 5.931351661682129 -0.005824909999999999 -4.79806 -5.213354110717773 -0.0248118 -7.666759999999999 -4.6473565101623535
0.00724445 3.83454 5.2511186599731445 -0.00522225 -4.21475 -4.5715789794921875 -0.022244700000000003 -6.47157 -4.079146385192871
0.00630746 2.73486 4.437467575073242 -0.00454681 -3.56098 -3.8561620712280273 -0.0193676 -5.13203 -3.4044995307922363
0.005352460000000001 1.61405 3.6012094020843506 -0.00385839 -2.89466 -3.1786234378814697 -0.0164352 -3.76675 -2.7401652336120605
0.00448636 0.597571 2.86862850189209 -0.00323405 -2.29035 -2.6308069229125977 -0.0137758 -2.52855 -2.19608736038208
