0.000273524 -1.6666 -1.1352324485778809 -0.00396787 -6.06437 -5.042239189147949 -0.00464844 -2.64721 -1.4603191614151
0.000537535 -2.81828 -1.6150332689285278 -0.00779776 -10.5802 -8.43980598449707 -0.00913523 -4.64135 -2.581150770187378
0.0007747259999999999 -3.43907 -1.832566738128662 -0.0112386 -13.3895 -10.473974227905273 -0.0131662 -6.00947 -3.2726354598999023
0.0009712150000000001 -3.42197 -1.8501036167144775 -0.014088900000000001 -14.5249 -11.72680950164795 -0.0165055 -6.63802 -3.7021684646606445
0.00111808 -3.15147 -1.7513713836669922 -0.0162195 -14.8331 -12.466980934143066 -0.0190014 -6.88209 -3.9829447269439697
0.00121251 -2.97027 -1.6506754159927368 -0.0175893 -14.9746 -12.772934913635254 -0.0206062 -7.02956 -4.1033549308776855
0.001258 -2.88236 -1.5786480903625488 -0.0182492 -15.0277 -12.884222984313965 -0.0213793 -7.09874 -4.159453868865967
0.0012636300000000002 -2.87147 -1.547706127166748 -0.0183308 -15.0335 -12.828452110290527 -0.0214749 -7.10723 -4.150898456573486
0.00124248 -2.74035 -1.5395718812942505 -0.018024 -14.5572 -12.659114837646484 -0.021115399999999996 -6.89917 -4.08465576171875
0.00120956 -2.53631 -1.5382558107376099 -0.0175465 -13.816 -12.364567756652832 -0.020556100000000004 -6.57541 -3.96524977684021
0.00117954 -2.35023 -1.5322151184082031 -0.017111 -13.1401 -12.04985523223877 -0.020045899999999995 -6.28014 -3.840257167816162
0.00116463 -2.25782 -1.5224649906158447 -0.0168948 -12.8044 -11.828211784362793 -0.0197925 -6.1335 -3.7560477256774902
0.00117299 -2.3096 -1.5168670415878296 -0.0170159 -12.9925 -11.79417896270752 -0.0199345 -6.21566 -3.749680280685425
0.00120774 -2.52506 -1.5189530849456787 -0.0175201 -13.7752 -11.99534797668457 -0.0205252 -6.55755 -3.8421387672424316
0.00126687 -2.86518 -1.5110764503479004 -0.0183779 -15.0369 -12.4075288772583 -0.02153 -7.11212 -4.016035079956055
0.0013437 -2.71657 -1.478654384613037 -0.0194925 -15.0983 -12.873621940612793 -0.0228358 -7.22629 -4.244518756866455
0.00142816 -2.55249 -1.409417986869812 -0.0207176 -15.1275 -13.295858383178711 -0.0242711 -7.34949 -4.473897457122803
0.0015083600000000003 -2.39679 -1.337002158164978 -0.021881 -15.119300000000003 -13.408309936523438 -0.025634 -7.46369 -4.5637125968933105
0.0015725 -2.27342 -1.2428128719329834 -0.0228114 -15.093199999999998 -13.46558666229248 -0.026724 -7.5522599999999995 -4.611944198608398
0.00161068 -2.20062 -1.1881500482559204 -0.0233654 -15.0721 -13.43583869934082 -0.027373000000000005 -7.603710000000001 -4.626265525817871
0.0016164 -2.18977 -1.1581754684448242 -0.0234483 -15.068700000000002 -13.368047714233398 -0.027470099999999997 -7.611329999999999 -4.613985538482666
0.00158742 -2.01017 -1.1681041717529297 -0.023028 -14.4163 -13.15342903137207 -0.026977699999999997 -7.32634 -4.514172077178955
0.0015259399999999997 -1.62903 -1.1934837102890015 -0.022136 -13.0317 -12.660506248474121 -0.0259328 -6.72155 -4.285074234008789
0.0014377999999999997 -1.08269 -1.19636070728302 -0.020857500000000005 -11.0471 -11.834274291992188 -0.024434900000000002 -5.85462 -3.931333065032959
0.00133112 -0.421373 -1.1360150575637817 -0.0193099 -8.64477 -10.728143692016602 -0.0226219 -4.80525 -3.4976935386657715
