-5.52137e-06 -0.439143 -0.42802274227142334 -0.00058196 -1.14881 -0.7343637943267822 0.0048623 2.38354 1.4482523202896118
-1.1258200000000002e-05 -0.864828 -0.42877334356307983 -0.00118663 -2.31798 -1.4918149709701538 0.00991434 4.78986 2.741020441055298
-1.71593e-05 -1.17179 -0.4292584955692291 -0.0018086099999999998 -3.40049 -2.2461867332458496 0.015111 6.97061 3.883439302444458
-2.32103e-05 -1.23102 -0.35239699482917786 -0.0024464 -4.29634 -2.9427809715270996 0.020439800000000004 8.54477 4.778477191925049
-2.93981e-05 -1.3379 -0.24402271211147308 -0.00309861 -5.14139 -3.537616491317749 0.025889 9.71793 5.452469825744629
-3.56775e-05 -1.38129 -0.12702038884162903 -0.00376047 -5.81402 -4.036176681518555 0.0314189 10.5845 5.975836753845215
-4.19383e-05 -1.4304 -0.03354789316654205 -0.00442036 -6.3936 -4.417641639709473 0.0369323 11.1882 6.4070258140563965
-4.79826e-05 -1.47397 0.03435753285884857 -0.00505744 -6.84473 -4.724204063415527 0.0422552 11.6178 6.782423496246338
-5.35204e-05 -1.51068 0.11362595856189728 -0.00564113 -7.1337 -4.963397026062012 0.0471319 11.9035 7.099614143371582
-5.8188200000000006e-05 -1.53751 0.2156357765197754 -0.00613312 -7.30443 -5.136101722717285 0.0512425 12.0882 7.295027732849121
-6.15899e-05 -1.553 0.33258646726608276 -0.006491669999999999 -7.40091 -5.267569065093994 0.0542382 12.1998 7.4570465087890625
-6.33546e-05 -1.55944 0.43455708026885986 -0.00667767 -7.44321 -5.301397323608398 0.0557923 12.2511 7.462596416473389
-6.31998e-05 -1.54712 0.5111880302429199 -0.00666135 -7.41099 -5.288674831390381 0.0556559 12.1842 7.4228291511535645
-6.09879e-05 -1.3712 0.5302423238754272 -0.006428220000000001 -6.95077 -5.167580604553223 0.053708 11.2294 7.2426252365112305
-5.6765e-05 -1.03533 0.49413955211639404 -0.00598312 -6.07212 -4.899196147918701 0.04998919999999999 9.40638 6.808879852294922
-5.077170000000001e-05 -0.558656 0.4202456474304199 -0.00535142 -4.82512 -4.450915336608887 0.0447113 6.81912 6.06351900100708
-4.34245e-05 0.0250158 0.36860033869743347 -0.00457701 -3.29881 -3.794833183288574 0.0382411 3.64824 4.986273288726807
-3.52688e-05 0.622636 0.40175461769104004 -0.00371739 -1.67253 -2.9230501651763916 0.0310589 0.199867 3.6769521236419678
-2.69121e-05 0.800838 0.5210571885108948 -0.00283658 -0.328192 -1.8500698804855347 0.0236997 -2.79039 2.33131742477417
-1.89481e-05 1.14471 0.5753791928291321 -0.00199716 1.1805 -0.849001944065094 0.0166864 -5.06222 1.2162410020828247
-1.1884000000000002e-05 1.26703 0.560179591178894 -0.00125259 2.31549 0.0007198118255473673 0.0104655 -6.68404 0.31555235385894775
-6.08227e-06 1.27489 0.7102680802345276 -0.00064108 3.09272 0.9311484098434448 0.00535625 -7.851950000000001 -0.5504909157752991
-1.72522e-06 1.2754 1.0362846851348877 -0.000181841 3.66437 1.9098585844039917 0.00151929 -8.57228 -0.9860365986824036
1.1937e-06 1.2804 1.1632179021835327 0.000125818 4.0332 2.491952657699585 -0.00105122 -9.00459 -1.2096292972564697
2.85223e-06 1.28313 1.0915673971176147 0.00030063 4.24349 2.603712320327759 -0.00251177 -9.23287 -1.4662566184997559
