-0.000264662 -0.49075499999999994 -0.6974109411239624 -8.25301e-05 -0.35205 -0.3257562220096588 -0.000854556 -0.465773 -0.23865903913974762
-0.00023121200000000004 -0.428731 -0.49458569288253784 -7.20995e-05 -0.307556 -0.245380699634552 -0.000746553 -0.406906 -0.1772555112838745
0.000152451 0.282687 0.06149173900485039 4.753930000000001e-05 0.202789 0.21105138957500458 0.000492245 0.268296 0.14787165820598602
0.000888899 1.64826 1.150407075881958 0.000277188 1.1824 0.9926895499229431 0.00287013 1.56436 0.7424582242965698
0.0019311099999999998 3.57473 2.775460958480835 0.000602182 2.56481 1.9265093803405762 0.00623528 3.39413 1.6262868642807007
0.00319081 5.81527 4.656688213348389 0.000994997 4.1665 2.8184943199157715 0.0103027 5.53743 2.618748188018799
0.00455393 7.89753 6.398344993591309 0.00142006 5.65587 3.509801149368286 0.014704 7.585069999999999 3.464832305908203
0.005900029999999999 9.4392 7.823040008544922 0.00183982 6.69055 3.9849355220794678 0.0190504 9.1771 4.114858150482178
0.007121819999999999 10.5059 8.920721054077148 0.00222082 7.42643 4.314121723175049 0.0229954 10.3187 4.571590900421143
0.00814088 11.0923 9.709493637084961 0.00253859 7.867419999999999 4.553040981292725 0.0262858 11.0192 4.872298240661621
0.00891655 11.3666 10.237135887145996 0.00278047 8.119 4.717987537384033 0.0287903 11.4236 5.05926513671875
0.00944638 11.5053 10.585756301879883 0.00294569 8.28081 4.829806327819824 0.0305011 11.6633 5.180308818817139
0.00975847 11.5754 10.781201362609863 0.00304301 8.37768 4.887581825256348 0.0315088 11.7932 5.247018337249756
0.00989804 11.6044 10.86800765991211 0.00308653 8.42161 4.905201435089111 0.0319594 11.8487 5.275256633758545
0.00991149 11.6072 10.869743347167969 0.0030907300000000003 8.42587 4.888932704925537 0.0320029 11.854 5.274011135101318
0.00983242 11.4606 10.803021430969238 0.00306607 8.32069 4.845954418182373 0.0317475 11.7148 5.246179580688477
0.00967293 11.1648 10.655801773071289 0.00301633 8.10853 4.77186918258667 0.031232600000000003 11.4341 5.182527542114258
0.00942273 10.7009 10.410033226013184 0.00293831 7.77571 4.658091068267822 0.030424699999999995 10.9938 5.073015213012695
0.00905619 10.0212 10.032669067382812 0.00282402 7.28816 4.488741874694824 0.0292412 10.3487 4.901801586151123
0.00854554 9.07434 9.483206748962402 0.00266478 6.60889 4.246942520141602 0.0275924 9.45006 4.65160608291626
0.0078764 7.83359 8.719301223754883 0.00245612 5.71881 3.9237403869628906 0.0254318 8.27246 4.307511329650879
0.0070615 6.32253 7.724096298217773 0.00220201 4.63484 3.5148801803588867 0.0228006 6.83833 3.8547730445861816
0.00614817 4.62898 6.507970809936523 0.0019172 3.41994 3.0297200679779053 0.0198516 5.23098 3.3012218475341797
0.0052173 2.90287 5.196506023406982 0.00162692 2.1817 2.5179879665374756 0.0168459 3.59275 2.7043349742889404
0.00437307 1.33744 4.006971836090088 0.00136367 1.05872 2.0559306144714355 0.01412 2.10701 2.1665096282958984
