-0.0016556499999999998 -2.45996 -2.504300117492676 0.000415532 -0.254217 0.04706698656082153 0.001813 1.09264 0.5916258096694946
-0.00370501 -5.49198 -4.965440273284912 0.0009298739999999999 -0.563789 0.2006804198026657 0.00405711 2.43873 1.2351270914077759
-0.006029139999999999 -8.71651 -7.544172286987305 0.00151318 -0.837753 0.49451249837875366 0.00660211 3.8969800000000006 1.8992879390716553
-0.00850013 -11.6522 -9.735925674438477 0.00213334 -0.9650320000000001 0.8149762749671936 0.00930794 5.2827 2.475346803665161
-0.0109857 -13.5356 -11.444782257080078 0.00275718 -0.640689 1.1187615394592285 0.0120298 6.30051 2.9379689693450928
-0.013355699999999998 -14.522 -12.741031646728516 0.00335199 -0.146866 1.4330579042434692 0.014625 7.05998 3.2944369316101074
-0.0154842 -15.162200000000002 -13.653037071228027 0.00388618 0.276433 1.7541649341583252 0.0169557 7.67632 3.5748631954193115
-0.0172496 -15.5824 -14.275179862976074 0.00432926 0.594387 2.0314221382141113 0.0188889 8.14616 3.8104329109191895
-0.0185355 -15.831599999999998 -14.680908203125 0.00465199 0.810631 2.2519748210906982 0.020297 8.46479 3.9855287075042725
-0.0192338 -15.948099999999998 -14.768385887145996 0.00482725 0.924228 2.4031269550323486 0.0210616 8.62946 4.055782318115234
-0.019252 -15.951000000000002 -14.63379192352295 0.00483182 0.927171 2.463575601577759 0.0210816 8.63369 4.032713890075684
-0.0185236 -14.8688 -14.196101188659668 0.00464902 1.03901 2.394165277481079 0.020284 8.15301 3.894022226333618
-0.0170193 -12.6337 -13.170148849487305 0.00427146 1.26999 2.20735239982605 0.0186367 7.16023 3.571930408477783
-0.014756 -9.27093 -11.422416687011719 0.0037034300000000006 1.6175 1.9439420700073242 0.0161583 5.6666 3.0227901935577393
-0.0118021 -4.88204 -8.691944122314453 0.00296207 2.07106 1.638474702835083 0.012923699999999998 3.7172 2.2169437408447266
-0.00827628 0.356633 -4.805293560028076 0.00207716 2.61243 1.2832804918289185 0.00906282 1.39035 1.1436394453048706
-0.00434067 5.89687 0.17645661532878876 0.00108941 3.12288 1.011439561843872 0.00475319 -1.06625 0.0052130199037492275
-0.000189156 10.3833 3.656973361968994 4.7474e-05 2.7654 1.5189945697784424 0.000207133 -3.09251 -0.39220479130744934
0.00396764 12.6975 8.281460762023926 -0.000995791 1.82913 0.08316290378570557 -0.00434471 -4.66783 -1.8297967910766602
0.00791847 14.3765 10.517498970031738 -0.00198736 0.9451100000000001 -0.6226691603660583 -0.008671 -6.07909 -2.4392166137695312
0.011466699999999998 15.55 11.571656227111816 -0.0028778999999999996 0.194167 -1.4268944263458252 -0.012556500000000002 -7.25889 -2.714042901992798
0.0144437 16.1519 11.960967063903809 -0.00362505 -0.394736 -2.1939682960510254 -0.0158163 -8.12052 -2.780247211456299
0.0167181 16.4188 11.907706260681152 -0.00419587 -0.80551 -2.8369452953338623 -0.0183069 -8.6759 -2.7388343811035156
0.0182024 16.5392 11.633492469787598 -0.0045684 -1.04689 -3.3121163845062256 -0.0199323 -8.99097 -2.6536784172058105
0.0188558 16.5834 11.320392608642578 -0.00473238 -1.14911 -3.604391098022461 -0.0206477 -9.12145 -2.5699195861816406
