-0.00258829 -1.41735 -2.23928165435791 0.0034764699999999997 2.63241 2.7089855670928955 -0.00299611 -1.14746 -1.030762791633606
-0.005357079999999999 -2.93702 -3.897407293319702 0.007195380000000001 5.14683 5.407110214233398 -0.00620115 -2.29066 -2.0850443840026855
-0.00805089 -4.27865 -5.269043922424316 0.010813600000000001 6.97178 7.4206929206848145 -0.00931939 -3.20383 -2.859760284423828
-0.0104457 -5.19358 -6.241875171661377 0.0140301 8.07229 8.760258674621582 -0.0120915 -3.79254 -3.381664752960205
-0.0123792 -5.73243 -6.89033842086792 0.0166271 8.69239 9.594061851501465 -0.014329699999999999 -4.13084 -3.7246625423431396
-0.013768199999999998 -6.03999 -7.3054094314575195 0.0184927 9.03097 10.060164451599121 -0.0159375 -4.32593 -3.9360153675079346
-0.0146087 -6.19539 -7.53548002243042 0.0196218 9.1941 10.285888671875 -0.0169105 -4.42536 -4.053598880767822
-0.0149603 -6.25394 -7.617465019226074 0.020093899999999998 9.25272 10.347452163696289 -0.0173174 -4.46255 -4.0954508781433105
-0.014917399999999999 -6.23048 -7.587900161743164 0.0200363 9.20897 10.295639038085938 -0.0172677 -4.4435 -4.0796122550964355
-0.0145776 -6.04467 -7.421998500823975 0.01958 8.86251 10.077198028564453 -0.0168745 -4.2927 -3.9875993728637695
-0.014013500000000002 -5.73612 -7.099952697753906 0.0188223 8.28719 9.625109672546387 -0.0162215 -4.04228 -3.8009307384490967
-0.013255099999999999 -5.3213 -6.626008033752441 0.0178036 7.51372 8.918661117553711 -0.0153436 -3.70561 -3.518972396850586
-0.0122877 -4.79217 -5.999105930328369 0.0165042 6.52709 7.929610252380371 -0.014223700000000002 -3.27616 -3.1377432346343994
-0.0110633 -4.1225 -5.199012756347656 0.0148597 5.27841 6.597487926483154 -0.0128064 -2.73264 -2.6354787349700928
-0.00952216 -3.27959 -4.171583652496338 0.0127897 3.70672 4.8451828956604 -0.0110225 -2.04853 -1.9823310375213623
-0.007617449999999999 -2.23141 -2.8852221965789795 0.0102314 1.79128 2.7125327587127686 -0.00881766 -1.20945 -1.1824225187301636
-0.00533616 -0.938556 -1.4181766510009766 0.00716728 -0.350207 0.4288630187511444 -0.00617693 -0.236258 -0.32076242566108704
-0.0027112 0.579197 -0.09419611841440201 0.00364156 -2.60791 -1.6834872961044312 -0.0031383799999999996 0.853599 0.4374464750289917
0.000178666 2.18829 0.7404277920722961 -0.000239975 -4.72569 -2.971320152282715 0.000206816 1.92858 0.8035256862640381
0.00322019 3.65919 2.85768461227417 -0.00432521 -6.48037 -5.588677883148193 0.00372757 2.84575 2.188974618911743
0.00628515 4.82872 4.490535259246826 -0.00844192 -7.8299 -7.199885845184326 0.007275450000000001 3.54365 3.0411577224731445
0.00925278 5.74065 5.586423873901367 -0.0124279 -8.78866 -8.039027214050293 0.0107107 4.10749 3.606356382369995
0.012029599999999998 6.30636 6.32218074798584 -0.0161576 -9.27555 -8.668619155883789 0.013925 4.44197 4.17705774307251
0.014562 6.56746 6.9302849769592285 -0.019559 -9.54379 -9.154078483581543 0.0168564 4.6224 4.717984199523926
0.0168388 6.71264 7.443206787109375 -0.0226171 -9.71726 -9.455554962158203 0.0194919 4.73723 5.144842624664307
