0.00467823 9.06376 6.795586109161377 4.12586e-05 3.01436 1.0117274522781372 -7.0746e-05 0.292257 -0.05113447457551956
0.00862199 15.6678 10.587849617004395 7.60396e-05 5.16907 1.9646832942962646 -0.000130385 0.813128 0.07717756181955338
0.011803 19.5341 12.926066398620605 0.000104093 6.48666 2.42824125289917 -0.000178489 1.38869 0.20865127444267273
0.014221 21.4892 13.996196746826172 0.000125419 7.14795 2.690673351287842 -0.000215056 1.88103 0.31911760568618774
0.0158861 22.3376 14.450749397277832 0.000140103 7.49682 2.7615652084350586 -0.000240235 2.18274 0.4049912095069885
0.016819 22.6926 14.523825645446777 0.000148331 7.665350000000001 2.7380144596099854 -0.000254343 2.34205 0.46193835139274597
0.0170571 22.7709 14.314044952392578 0.000150431 7.70559 2.674630880355835 -0.000257945 2.38166 0.4890155494213104
0.0166586 21.993 13.721734046936035 0.000146917 7.44648 2.5585951805114746 -0.000251918 2.35882 0.4828836917877197
0.0157009 20.1235 12.79047966003418 0.00013847 6.82385 2.4034624099731445 -0.000237435 2.30394 0.44511839747428894
0.0142729 17.3359 11.479656219482422 0.000125876 5.89542 2.1794915199279785 -0.00021584000000000002 2.2221 0.3900536000728607
0.012461599999999998 13.8001 9.75489330291748 0.00010990199999999999 4.71784 1.8491473197937012 -0.00018844899999999998 2.11829 0.32353681325912476
0.0103394 9.6575 7.675187587738037 9.11861e-05 3.33814 1.4154620170593262 -0.000156357 1.9966700000000002 0.24891909956932068
0.00795605 5.00498 5.354704856872559 7.01665e-05 1.78861 0.8935250639915466 -0.00012031400000000001 1.86008 0.1653607338666916
0.0053393 0.0456183 2.8444457054138184 4.70888e-05 0.170566 0.3221432566642761 -8.0743e-05 1.63194 0.06849731504917145
0.0025053300000000005 -5.0968 -0.0024169390089809895 2.2095200000000005e-05 -1.44508 -0.32047590613365173 -3.78866e-05 1.25941 0.03063979186117649
-0.000524796 -10.1164 -3.2324254512786865 -4.62832e-06 -3.103 -0.7734830379486084 7.93617e-06 0.805717 0.12195004522800446
-0.00370725 -14.7007 -7.619195461273193 -3.26952e-05 -4.60894 -1.376657485961914 5.60625e-05 0.179279 0.08147811144590378
-0.00696235 -18.6662 -11.258498191833496 -6.14028e-05 -5.75655 -1.9925668239593506 0.000105287 -0.589275 0.025611648336052895
-0.0101708 -21.1469 -13.88501262664795 -8.96987e-05 -6.61773 -2.4936277866363525 0.000153806 -1.29702 -0.020069068297743797
-0.0131809 -22.5454 -15.455954551696777 -0.000116246 -7.246 -2.883314371109009 0.000199327 -1.9000100000000002 -0.06135163828730583
-0.015826 -23.0979 -16.350357055664062 -0.000139574 -7.6407 -3.1587696075439453 0.000239327 -2.3471 -0.1107223629951477
-0.017947 -23.3565 -16.7946834564209 -0.000158279 -7.892830000000001 -3.308319568634033 0.000271401 -2.65895 -0.14930954575538635
-0.0194156 -23.4911 -16.885910034179688 -0.000171231 -8.04506 -3.3344812393188477 0.00029361 -2.85676 -0.18048974871635437
-0.020153 -23.5496 -16.755090713500977 -0.00017773500000000002 -8.11682 -3.283902168273926 0.000304762 -2.95203 -0.20093001425266266
-0.0201397 -23.5235 -16.504709243774414 -0.000177617 -8.10812 -3.1876888275146484 0.00030456 -2.95126 -0.2142646312713623
