-0.00102524 0.169056 -0.8179717063903809 0.00289918 4.65192 3.6992969512939453 0.0006354689999999999 0.565699 0.07756868004798889
-0.00217526 0.336193 -1.3211816549301147 0.00615124 9.64116 7.2752556800842285 0.00134829 1.19858 0.16537973284721375
-0.00345368 0.40184 -2.1327662467956543 0.00976638 14.0129 10.288454055786133 0.00214069 1.9024700000000003 0.24525611102581024
-0.00482668 0.399712 -2.9594993591308594 0.013649 17.4284 12.495420455932617 0.00299171 2.67527 0.3083339035511017
-0.00621771 0.323041 -3.7584714889526367 0.0175826 19.5138 13.956719398498535 0.00385391 3.43124 0.3639998733997345
-0.00751518 0.220731 -4.442904472351074 0.0212516 20.743 14.855188369750977 0.00465812 4.09943 0.40276116132736206
-0.0085861 0.113034 -4.947935581207275 0.0242799 21.5019 15.309623718261719 0.0053219 4.61776 0.436598002910614
-0.00929332 0.0273759 -5.267019271850586 0.026279799999999996 21.9224 15.534658432006836 0.00576025 4.9301 0.4626285135746002
-0.00951352 -0.00198219 -5.388311862945557 0.0269025 22.0426 15.426736831665039 0.00589674 5.02121 0.4665452539920807
-0.00915363 -0.0613406 -5.228010177612305 0.0258848 20.4095 14.920296669006348 0.00567367 4.82263 0.4467402994632721
-0.00816383 -0.224591 -4.651585102081299 0.0230858 15.9182 13.364189147949219 0.00506017 4.27648 0.42227134108543396
-0.00654619 -0.49139499999999997 -3.5861237049102783 0.0185114 8.57789 10.113964080810547 0.00405751 3.38389 0.3349508047103882
-0.00435839 -0.765333 -1.9581120014190674 0.0123247 -0.834935 4.560763835906982 0.00270145 2.19064 0.15862122178077698
-0.00171255 -0.864917 -0.8749182820320129 0.00484279 -9.71851 -2.3410863876342773 0.00106149 0.68878 0.010081293992698193
0.00123083 -0.814078 0.30722081661224365 -0.0034805599999999997 -15.8288 -8.565825462341309 -0.000762901 -1.03617 -0.3365061581134796
0.00427354 -0.507194 3.4681084156036377 -0.012084799999999998 -19.3402 -13.976141929626465 -0.00264886 -3.00816 -0.6005733609199524
0.00719439 -0.092162 5.441134929656982 -0.0203444 -21.7457 -16.226377487182617 -0.00445928 -4.77756 -0.9546316266059875
0.00976693 0.391491 6.800055027008057 -0.027619100000000004 -22.8763 -17.611675262451172 -0.00605381 -5.69463 -1.2011080980300903
0.0117786 1.0447 7.581265926361084 -0.0333078 -23.2453 -17.970256805419922 -0.00730072 -5.98762 -1.235318660736084
0.013049400000000001 1.53139 8.182706832885742 -0.0369014 -23.3005 -18.131866455078125 -0.0080884 -6.03607 -1.2356425523757935
0.0134472 1.66 8.34544849395752 -0.0380263 -23.3114 -17.747535705566406 -0.00833497 -6.04865 -1.207764983177185
0.0128988 1.75046 8.12833309173584 -0.0364754 -20.8228 -16.77277946472168 -0.00799502 -5.74603 -1.1409012079238892
0.0113946 1.99854 7.264297962188721 -0.032222 -13.9975 -14.003293991088867 -0.00706271 -4.91607 -0.9961878657341003
0.00898828 2.37141 5.696488857269287 -0.0254172 -3.22411 -8.219680786132812 -0.00557118 -3.59551 -0.7285970449447632
0.0057901 2.51216 3.470777988433838 -0.0163733 7.990200000000001 0.18763814866542816 -0.00358886 -1.78598 -0.32014402747154236
