-0.007419479999999999 -10.7302 -9.577104568481445 0.00520609 4.58792 6.11851167678833 -0.00089258 -1.56095 -0.39342451095581055
-0.0151123 -18.9753 -14.004973411560059 0.010604 8.32224 10.791401863098145 -0.00181805 -2.98996 -0.8038837313652039
-0.0226899 -22.7787 -16.2147159576416 0.015921 10.5228 13.647692680358887 -0.0027296500000000006 -3.9620100000000003 -1.0001403093338013
-0.0297778 -23.9612 -17.349796295166016 0.0208944 11.4463 15.490312576293945 -0.00358233 -4.44109 -1.1293467283248901
-0.0360358 -24.3785 -18.00252342224121 0.025285599999999995 11.8159 16.463205337524414 -0.00433519 -4.63597 -1.2323437929153442
-0.0411953 -24.5317 -18.317781448364258 0.028905899999999998 12.0298 16.85172462463379 -0.00495589 -4.67792 -1.2647778987884521
-0.0450855 -24.5865 -18.463134765625 0.0316356 12.1688 16.968280792236328 -0.00542389 -4.66314 -1.3057007789611816
-0.0476488 -24.6049 -18.51681137084961 0.0334342 12.2534 16.98049545288086 -0.00573226 -4.63969 -1.348207950592041
-0.0489417 -24.6101 -18.43541717529297 0.0343413 12.2944 16.913497924804688 -0.0058877899999999995 -4.62478 -1.368843674659729
-0.0491231 -24.6107 -18.285022735595703 0.0344686 12.3001 16.812400817871094 -0.00590962 -4.62255 -1.3772149085998535
-0.048433500000000004 -23.5997 -17.955894470214844 0.0339848 11.8716 16.597427368164062 -0.00582666 -4.47781 -1.3572942018508911
-0.047167 -21.7431 -17.211225509643555 0.0330961 11.0846 16.089946746826172 -0.0056743 -4.212 -1.3073842525482178
-0.0456416 -19.5068 -15.972028732299805 0.0320258 10.1366 15.218883514404297 -0.00549079 -3.89182 -1.242134690284729
-0.0441691 -17.348 -14.446599960327148 0.0309925 9.22158 14.1508207321167 -0.00531365 -3.58275 -1.1629375219345093
-0.0430287 -15.676 -12.9142427444458 0.0301923 8.51285 13.12809944152832 -0.00517644 -3.34337 -1.0772254467010498
-0.04244390000000001 -14.8187 -11.696669578552246 0.029782 8.14944 12.35593318939209 -0.00510609 -3.22063 -1.002284049987793
-0.0425657 -14.9973 -11.074488639831543 0.0298675 8.22515 11.988783836364746 -0.00512075 -3.2462 -0.9518563151359558
-0.0434615 -16.3107 -11.205816268920898 0.0304961 8.78186 12.105024337768555 -0.00522852 -3.43423 -0.9407528638839722
-0.045112200000000005 -18.7306 -12.111077308654785 0.0316543 9.80764 12.713719367980957 -0.005427099999999999 -3.7807000000000004 -0.9772653579711914
-0.0474174 -22.1101 -13.6670560836792 0.0332718 11.2402 13.75504207611084 -0.00570442 -4.26455 -1.055336356163025
-0.05020999999999999 -24.6132 -15.518387794494629 0.0352313 12.3337 14.995113372802734 -0.00604037 -4.60857 -1.1727192401885986
-0.0532772 -24.6137 -17.036361694335938 0.0373835 12.4238 15.944567680358887 -0.00640937 -4.56482 -1.2880210876464844
-0.056386599999999995 -24.6086 -18.145124435424805 0.0395653 12.5088 16.51690101623535 -0.00678343 -4.51764 -1.4043018817901611
-0.0593114 -24.6011 -18.503448486328125 0.0416175 12.5829 16.59745979309082 -0.00713529 -4.473 -1.4962420463562012
-0.0618525 -24.5936 -18.724939346313477 0.0434006 12.6426 16.705135345458984 -0.00744099 -4.43496 -1.5997425317764282
