0.00189398 0.868027 1.018697738647461 -0.00220618 -1.60143 -0.7097270488739014 -0.00133628 -0.59708 -0.42795297503471375
0.00378795 1.72725 1.7338945865631104 -0.00441236 -3.19539 -2.369919776916504 -0.00267255 -1.19196 -0.8281455636024475
0.00568193 2.53366 2.65903902053833 -0.00661854 -4.71976 -3.835386037826538 -0.00400883 -1.77001 -1.1786327362060547
0.0075759 3.22138 3.4775686264038086 -0.00882471 -6.09695 -5.1262125968933105 -0.0053451 -2.30184 -1.505419373512268
0.00946988 3.76308 4.183051586151123 -0.0110309 -7.2311 -6.209664344787598 -0.00668138 -2.77148 -1.800713062286377
0.0113639 4.19992 4.796837329864502 -0.0132371 -8.08931 -7.088644027709961 -0.00801765 -3.16919 -2.0441110134124756
0.0132578 4.53396 5.275903701782227 -0.0154433 -8.74425 -7.783638000488281 -0.00935393 -3.50105 -2.244159460067749
0.0151518 4.75497 5.658946990966797 -0.0176494 -9.27477 -8.309346199035645 -0.0106902 -3.7754599999999994 -2.4130115509033203
0.0170458 4.8781 5.964362144470215 -0.0198556 -9.70876 -8.703100204467773 -0.0120265 -4.00904 -2.550508737564087
0.0189398 4.92243 6.190993785858154 -0.0220618 -10.073 -8.996417999267578 -0.0133628 -4.20851 -2.6528711318969727
0.0208337 4.90811 6.361765384674072 -0.024268000000000005 -10.3866 -9.244097709655762 -0.014699 -4.37618 -2.732649803161621
0.022727699999999997 4.87261 6.494959831237793 -0.026474100000000004 -10.654 -9.472585678100586 -0.0160353 -4.51834 -2.791754722595215
0.0246217 4.83616 6.634955883026123 -0.0286803 -10.8796 -9.657245635986328 -0.0173716 -4.6391 -2.8336551189422607
0.026515699999999996 4.80468 6.776589393615723 -0.0308865 -11.0692 -9.787931442260742 -0.0187079 -4.7409 -2.8565969467163086
0.028409599999999997 4.78228 6.906453609466553 -0.0330927 -11.2255 -9.895710945129395 -0.0200441 -4.82401 -2.8650057315826416
0.026515699999999996 3.9142599999999996 6.828531265258789 -0.0308865 -9.62405 -9.751947402954102 -0.0187079 -4.22693 -2.7764809131622314
0.0246217 3.04623 6.554494857788086 -0.0286803 -8.02262 -9.414393424987793 -0.0173716 -3.62985 -2.600818395614624
0.022727699999999997 2.1782 6.104980945587158 -0.026474100000000004 -6.42119 -8.872588157653809 -0.0160353 -3.03277 -2.3830983638763428
0.0208337 1.31017 5.472473621368408 -0.024268000000000005 -4.81976 -8.165822982788086 -0.014699 -2.43569 -2.1394498348236084
0.022727699999999997 2.1782 5.572780609130859 -0.026474100000000004 -6.42119 -8.415352821350098 -0.0160353 -3.03277 -2.2317492961883545
0.0246217 3.04623 5.954986572265625 -0.0286803 -8.02262 -8.926820755004883 -0.0173716 -3.62985 -2.393242120742798
0.026515699999999996 3.9142599999999996 6.423546314239502 -0.0308865 -9.62405 -9.443328857421875 -0.0187079 -4.22693 -2.5930070877075195
0.028409599999999997 4.78228 6.853172302246094 -0.0330927 -11.2255 -9.831384658813477 -0.0200441 -4.82401 -2.7610766887664795
0.0303036 4.77428 7.024333953857422 -0.0352989 -11.3484 -9.968735694885254 -0.0213804 -4.8867 -2.8321373462677
0.0321976 4.78294 7.141473770141602 -0.037505 -11.4393 -10.07866096496582 -0.022716700000000003 -4.92886 -2.8725130558013916
0.0340916 4.80457 7.235635280609131 -0.0397112 -11.5053 -10.193239212036133 -0.024053 -4.9552 -2.9030871391296387
0.0359855 4.8332 7.329309940338135 -0.041917399999999994 -11.5551 -10.312095642089844 -0.0253892 -4.9722 -2.927657127380371
0.0378795 4.86558 7.428709030151367 -0.0441236 -11.5936 -10.424477577209473 -0.026725500000000003 -4.983 -2.9480087757110596
0.0397735 4.89985 7.520936012268066 -0.0463298 -11.6235 -10.536311149597168 -0.0280618 -4.98915 -2.966059684753418
0.0416675 4.93489 7.6127238273620605 -0.04853589999999999 -11.6467 -10.641282081604004 -0.029398100000000003 -4.99186 -2.98213529586792
