0.0014017099999999998 0.362892 0.49668043851852417 -0.00287089 -2.5825 -1.9682412147521973 -0.00018223700000000002 -0.0615967 -0.21246829628944397
0.0028034199999999996 0.728256 0.8302506804466248 -0.00574177 -5.1258 -4.407176494598389 -0.000364473 -0.118383 -0.29595914483070374
0.00420514 1.10412 1.3095118999481201 -0.00861266 -7.46094 -6.572219371795654 -0.00054671 -0.162877 -0.3588607907295227
0.00560685 1.50907 1.7612557411193848 -0.0114835 -9.4067 -8.292830467224121 -0.000728946 -0.17627 -0.4081729054450989
0.00700856 1.91641 2.191762685775757 -0.0143544 -10.9037 -9.595417976379395 -0.000911183 -0.160009 -0.4429921805858612
0.00841027 2.34281 2.5932669639587402 -0.0172253 -11.9589 -10.57625675201416 -0.00109342 -0.135234 -0.452975869178772
0.00981199 2.88898 2.9425299167633057 -0.0200962 -12.5079 -11.291132926940918 -0.00127566 -0.125593 -0.42726385593414307
0.0112137 3.47381 3.246598958969116 -0.022967100000000004 -12.8447 -11.828863143920898 -0.00145789 -0.125192 -0.3706471920013428
0.0126154 4.04888 3.4974937438964844 -0.025838 -13.0759 -12.249592781066895 -0.00164013 -0.126717 -0.30095818638801575
0.0140171 4.59274 3.7208149433135986 -0.0287089 -13.2428 -12.588297843933105 -0.00182237 -0.136493 -0.21973687410354614
0.0154188 5.10969 3.9391698837280273 -0.0315798 -13.3458 -12.885525703430176 -0.0020046 -0.164008 -0.13479219377040863
0.0168205 5.58865 4.148874759674072 -0.0344506 -13.4062 -13.156886100769043 -0.00218684 -0.200588 -0.05065346509218216
0.0182223 6.01958 4.343791484832764 -0.0373215 -13.4448 -13.410917282104492 -0.00236907 -0.23799199999999998 0.018389524891972542
0.019624 6.40354 4.50454044342041 -0.0401924 -13.469 -13.6668701171875 -0.00255131 -0.276033 0.0711016058921814
0.0210257 6.74168 4.656290054321289 -0.0430633 -13.4842 -13.90876293182373 -0.0027335499999999995 -0.313698 0.1114894300699234
0.019624 6.37879 4.543713092803955 -0.0401924 -10.9017 -13.577661514282227 -0.00255131 -0.252101 0.09372133016586304
0.0182223 6.01589 4.255200386047363 -0.0373215 -8.31915 -12.872824668884277 -0.00236907 -0.190505 0.059660058468580246
0.0168205 5.65291 3.909411668777466 -0.0344506 -5.73673 -11.806412696838379 -0.00218684 -0.128843 0.028078079223632812
0.0154188 5.28915 3.5363552570343018 -0.0315798 -3.15511 -10.418747901916504 -0.0020046 -0.0666946 0.005988047458231449
0.0168205 5.65204 3.6649138927459717 -0.0344506 -5.73761 -10.792505264282227 -0.00218684 -0.128291 0.025135323405265808
0.0182223 6.01493 3.9290342330932617 -0.0373215 -8.32011 -11.689896583557129 -0.00236907 -0.189888 0.05206852778792381
0.019624 6.37782 4.213677883148193 -0.0401924 -10.9026 -12.814440727233887 -0.00255131 -0.251485 0.08522026240825653
0.0210257 6.74054 4.540151596069336 -0.0430633 -13.4835 -13.656964302062988 -0.0027335499999999995 -0.312926 0.149294912815094
0.0224274 7.0367 4.72561502456665 -0.04593420000000001 -13.4936 -14.028081893920898 -0.00291578 -0.350853 0.17349906265735626
0.0238291 7.29259 4.872700214385986 -0.0488051 -13.4997 -14.295034408569336 -0.00309802 -0.388478 0.1962296962738037
0.0252308 7.51398 5.01643180847168 -0.051676 -13.5034 -14.50809383392334 -0.00328026 -0.425861 0.22009100019931793
0.0266325 7.706240000000001 5.17724609375 -0.0545469 -13.5054 -14.701211929321289 -0.00346249 -0.462351 0.23580336570739746
0.0280342 7.87465 5.359071731567383 -0.0574177 -13.5056 -14.874053001403809 -0.00364473 -0.4976999999999999 0.24421383440494537
0.029436 8.0232 5.551701545715332 -0.0602886 -13.5043 -15.031534194946289 -0.0038269700000000003 -0.531547 0.24292469024658203
0.0308377 8.15486 5.7303009033203125 -0.0631595 -13.5015 -15.172285079956055 -0.0040092 -0.563747 0.23388522863388062
