0.00275693 2.53508 2.4933717250823975 -0.00137786 -0.443176 0.22871117293834686 0.000860707 0.42516 0.23007750511169434
0.00551387 5.02688 4.318817138671875 -0.00275572 -0.892037 -0.5178423523902893 0.00172141 0.844687 0.49618324637413025
0.0082708 7.27201 6.16541051864624 -0.00413358 -1.37663 -1.1215344667434692 0.00258212 1.23965 0.7301979660987854
0.0110277 9.09832 7.635807514190674 -0.00551144 -1.9164599999999998 -1.720328450202942 0.00344283 1.57943 0.9221267700195312
0.0137847 10.2815 8.779966354370117 -0.0068893 -2.54263 -2.2316646575927734 0.00430354 1.85113 1.0936827659606934
0.0165416 10.7427 9.628325462341309 -0.00826716 -3.30198 -2.6990349292755127 0.00516424 2.09422 1.2468678951263428
0.0192985 10.9539 10.261710166931152 -0.00964502 -4.08445 -3.1409244537353516 0.00602495 2.26663 1.376717448234558
0.022055499999999995 11.0983 10.750991821289062 -0.0110229 -4.82733 -3.5293056964874268 0.00688566 2.40116 1.4847023487091064
0.024812400000000002 11.2118 11.121061325073242 -0.012400699999999999 -5.4982 -3.896979570388794 0.007746359999999999 2.50836 1.5728894472122192
0.027569299999999998 11.3032 11.419137001037598 -0.0137786 -6.05264 -4.2425456047058105 0.00860707 2.59564 1.6313836574554443
0.0303263 11.3796 11.657126426696777 -0.0151565 -6.45315 -4.558248043060303 0.00946778 2.66157 1.6735955476760864
0.0330832 11.4464 11.852153778076172 -0.0165343 -6.71488 -4.861522197723389 0.0103285 2.70396 1.7075201272964478
0.0358401 11.5069 12.02071475982666 -0.0179122 -6.91647 -5.127774238586426 0.0111892 2.73227 1.7296539545059204
0.0385971 11.5629 12.161349296569824 -0.01929 -7.07793 -5.36983060836792 0.0120499 2.74724 1.7463395595550537
0.041354 11.6145 12.29868221282959 -0.020667899999999996 -7.20515 -5.590715408325195 0.0129106 2.75015 1.7657941579818726
0.0385971 9.07938 12.050077438354492 -0.01929 -6.76198 -5.3954548835754395 0.0120499 2.32499 1.729304313659668
0.0358401 6.54429 11.426031112670898 -0.0179122 -6.3188 -5.025035858154297 0.0111892 1.89983 1.5954809188842773
0.0330832 4.00921 10.425590515136719 -0.0165343 -5.87562 -4.622867584228516 0.0103285 1.47467 1.3880929946899414
0.0303263 1.47413 9.30009651184082 -0.0151565 -5.43245 -4.177073955535889 0.00946778 1.04951 1.1764137744903564
0.0330832 4.00921 9.579928398132324 -0.0165343 -5.87562 -4.404737949371338 0.0103285 1.47467 1.1937047243118286
0.0358401 6.54429 10.35608196258545 -0.0179122 -6.3188 -4.7741169929504395 0.0111892 1.89983 1.3636544942855835
0.0385971 9.07938 11.343173027038574 -0.01929 -6.76198 -5.176516056060791 0.0120499 2.32499 1.5953052043914795
0.041354 11.6145 12.203965187072754 -0.020667899999999996 -7.20515 -5.560833930969238 0.0129106 2.75015 1.7580714225769043
0.0441109 11.6602 12.431057929992676 -0.0220458 -7.3047 -5.774870872497559 0.0137713 2.7455 1.8039190769195557
0.04686789999999999 11.7 12.576944351196289 -0.0234236 -7.37889 -5.971764087677002 0.014631999999999997 2.7354 1.8226062059402466
0.049624800000000004 11.7348 12.702210426330566 -0.0248015 -7.43155 -6.165938377380371 0.0154927 2.7213 1.8442062139511108
0.052381699999999996 11.7665 12.814515113830566 -0.0261793 -7.46831 -6.3440842628479 0.0163534 2.70442 1.8679447174072266
0.0551387 11.7963 12.90860652923584 -0.0275572 -7.4943 -6.513809680938721 0.0172141 2.68585 1.8949763774871826
0.0578956 11.8249 12.998717308044434 -0.0289351 -7.5129 -6.664131164550781 0.0180749 2.6662 1.919779658317566
0.0606525 11.8524 13.076407432556152 -0.030312899999999997 -7.52623 -6.79546594619751 0.0189356 2.64588 1.9492243528366089
