1085.97119140625
1160.1168212890625
1082.0975341796875
1126.62890625
1082.831787109375
1135.7052001953125
1073.77294921875
1107.404296875
1175.6234130859375
1092.7315673828125
1102.019775390625
1155.9710693359375
1197.423828125
1176.329833984375
1133.0452880859375
1099.1444091796875
1159.634765625
1090.8515625
1127.1011962890625
1083.1580810546875
1097.2188720703125
1111.0517578125
1119.086181640625
1111.4459228515625
1090.6402587890625
1132.2926025390625
1112.8443603515625
1107.43994140625
1138.473388671875
1131.836669921875
1103.753173828125
1104.554443359375
1132.9140625
1162.4029541015625
1079.5330810546875
1147.8250732421875
1141.9078369140625
1146.4766845703125
1070.0960693359375
1076.35986328125
1121.611328125
1141.8504638671875
1106.851318359375
1147.10888671875
1099.3638916015625
1083.7371826171875
1141.68896484375
1110.584228515625
1118.27099609375
1070.2391357421875
1086.2606201171875
1132.0816650390625
1097.6685791015625
1141.3870849609375
1148.561767578125
1110.2525634765625
1077.2254638671875
1122.5009765625
1109.4630126953125
1075.667724609375
1124.459228515625
1136.056884765625
1101.1729736328125
1124.1259765625
1152.95361328125
1128.5478515625
1091.78857421875
1125.99609375
1132.3287353515625
1092.1451416015625
1078.7021484375
1147.3790283203125
1138.005126953125
1157.2127685546875
1085.1541748046875
1098.2935791015625
1096.950927734375
1123.19873046875
1124.3720703125
1110.2213134765625
1093.27392578125
1149.59326171875
1147.70361328125
1103.0133056640625
1129.4947509765625
1135.8365478515625
1134.027099609375
1117.3941650390625
1107.4117431640625
1142.2041015625
1141.4931640625
1120.031982421875
1173.6787109375
1158.138427734375
1143.3448486328125
1106.8427734375
1107.0487060546875
1123.0755615234375
1104.5408935546875
1137.6953125
1135.4925537109375
1122.0404052734375
1116.4749755859375
1121.8494873046875
1073.690185546875
1118.0340576171875
1142.8431396484375
1134.3431396484375
1099.732421875
1111.89501953125
1128.6026611328125
1164.634521484375
1108.1396484375
1144.602294921875
1114.4248046875
1136.184814453125
1153.5955810546875
1120.984375
1129.59912109375
1121.2998046875
1100.92431640625
1133.4669189453125
1117.3948974609375
1088.969482421875
1159.6827392578125
1057.5172119140625
1128.1337890625
1070.5576171875
1146.2550048828125
1132.4991455078125
1079.6728515625
1082.0501708984375
1143.21435546875
1127.703857421875
1112.8037109375
1080.6861572265625
1139.3856201171875
1101.606201171875
1100.7425537109375
1109.3597412109375
1158.5582275390625
1156.61572265625
1102.28369140625
1096.0423583984375
1117.4111328125
1139.9404296875
1166.3604736328125
1118.3660888671875
1130.863037109375
1151.887451171875
1133.364501953125
1070.9326171875
1157.7733154296875
1132.1229248046875
1151.1788330078125
1104.2459716796875
1148.00341796875
1126.967529296875
1108.205078125
1115.003662109375
1131.48876953125
1104.3372802734375
1117.2579345703125
1138.0755615234375
1134.1669921875
1129.4256591796875
1098.5035400390625
1099.2330322265625
1153.912841796875
1137.1488037109375
1104.61181640625
1122.71044921875
1084.7396240234375
1123.274169921875
1165.3997802734375
1101.736572265625
1112.6181640625
1127.4510498046875
1101.4232177734375
1165.9822998046875
1107.6790771484375
1066.6429443359375
1130.7015380859375
1039.6904296875
1161.0059814453125
1184.501220703125
1136.700927734375
1107.1107177734375
1159.7479248046875
1143.224365234375
1107.4202880859375
1110.13330078125
1177.695068359375
1108.5291748046875
1100.45751953125
1125.1802978515625
1105.147705078125
1133.314697265625
1141.9571533203125
1103.3304443359375
1204.774169921875
1076.1083984375
1093.4578857421875
1143.5880126953125
1126.2686767578125
1117.946533203125
1113.9173583984375
1088.172119140625
1110.14306640625
1090.9808349609375
1088.6297607421875
1089.951904296875
1097.571044921875
1100.4090576171875
1153.0240478515625
1130.2987060546875
1105.960205078125
1100.8797607421875
1129.115966796875
1059.8009033203125
1118.5498046875
1100.3111572265625
1105.160888671875
1138.7000732421875
1112.8687744140625
1113.749267578125
1082.1363525390625
1128.930908203125
1115.91845703125
1121.8277587890625
1073.93896484375
1184.63134765625
1101.622314453125
1131.20556640625
1158.9171142578125
1126.7811279296875
1104.9539794921875
1096.3651123046875
1100.7904052734375
1077.08642578125
1107.7047119140625
1108.8709716796875
1083.552001953125
1102.89111328125
1087.966796875
1092.64111328125
1099.4708251953125
1126.2406005859375
1080.7513427734375
1147.390869140625
1133.2734375
1132.23583984375
1069.1165771484375
1110.22607421875
1103.826171875
1121.5091552734375
1108.1851806640625
1134.5301513671875
1118.71630859375
1119.885498046875
1119.6224365234375
1134.7752685546875
1141.6104736328125
1095.2567138671875
1137.2257080078125
1114.1800537109375
1107.0384521484375
1073.1995849609375
1107.690673828125
1165.18798828125
1129.83447265625
1112.1829833984375
1113.905029296875
1117.3001708984375
1140.786865234375
1124.6890869140625
1123.107666015625
1119.6656494140625
1128.854736328125
1178.0009765625
1116.918701171875
1087.2108154296875
1125.264892578125
1111.8482666015625
1095.7774658203125
1146.31591796875
1130.126708984375
1149.2125244140625
1085.677734375
1124.7381591796875
1090.2081298828125
1077.56103515625
1082.369140625
1094.267822265625
1087.9835205078125
1126.977294921875
1151.576171875
1106.0145263671875
1092.9747314453125
1113.4749755859375
1043.27490234375
1136.416748046875
1108.37255859375
1104.5262451171875
1140.8101806640625
1141.3656005859375
1166.122314453125
1117.8685302734375
1146.4256591796875
1142.13134765625
1120.029052734375
1103.880859375
1087.808349609375
1123.0201416015625
1132.5067138671875
1117.437255859375
1119.103271484375
1132.486572265625
1135.83935546875
1090.3768310546875
1133.0003662109375
1129.149169921875
1171.4464111328125
1176.9000244140625
1154.2210693359375
1088.7122802734375
1137.7158203125
1165.040771484375
1118.1865234375
1122.6885986328125
1123.01123046875
1123.8154296875
1106.4310302734375
1127.6954345703125
1111.3643798828125
1100.2989501953125
1142.209716796875
1112.7579345703125
1138.729736328125
1086.2828369140625
1146.6932373046875
1104.433837890625
1150.0439453125
1084.56103515625
1088.8966064453125
1098.8529052734375
1090.3221435546875
1116.0345458984375
1089.5733642578125
1133.1719970703125
1123.2913818359375
1145.8985595703125
1119.23095703125
1135.3570556640625
1143.770751953125
1117.7635498046875
1101.1407470703125
1137.03173828125
1112.2193603515625
1110.492919921875
1107.8507080078125
1145.705322265625
1113.3980712890625
1175.2349853515625
1110.384765625
1129.8472900390625
1145.0013427734375
1125.1634521484375
1114.50634765625
1117.427001953125
1168.7166748046875
1105.8472900390625
1133.0543212890625
1162.1539306640625
1099.6285400390625
1113.3419189453125
1107.9599609375
1090.3277587890625
1096.15087890625
1109.244384765625
1112.5787353515625
1115.6268310546875
1135.9102783203125
1139.376220703125
1134.117919921875
1093.0701904296875
1157.5245361328125
1162.534912109375
1116.0987548828125
1132.563232421875
1137.506591796875
1174.049072265625
1171.34375
1095.196533203125
1126.29931640625
1126.514892578125
1089.32470703125
1137.7940673828125
1108.7301025390625
1142.9693603515625
1175.357177734375
1147.1990966796875
1103.2864990234375
1117.3995361328125
1093.972900390625
1112.505615234375
1123.8079833984375
1123.132080078125
1085.9739990234375
1154.86328125
1105.482177734375
1104.1983642578125
1136.5455322265625
1182.33740234375
1143.2100830078125
1131.490478515625
1115.7979736328125
1096.194091796875
1152.2396240234375
1127.6834716796875
1100.9034423828125
1159.026611328125
1138.877685546875
1122.8665771484375
1117.471435546875
1125.4095458984375
1097.4083251953125
1117.169189453125
1113.2559814453125
1135.1668701171875
1120.5972900390625
1096.468994140625
1139.625244140625
1115.955322265625
1136.00341796875
1133.4969482421875
1098.9189453125
1113.0054931640625
1147.135986328125
1112.1400146484375
1169.60986328125
1151.522705078125
1154.14208984375
1165.1353759765625
1085.3089599609375
1155.536865234375
1171.3485107421875
1104.29833984375
1084.7384033203125
1134.7802734375
1139.9945068359375
1128.708984375
1097.596923828125
1125.74755859375
1131.364501953125
1093.254638671875
1060.1285400390625
1114.1256103515625
1164.3902587890625
1088.3092041015625
1084.238525390625
1131.264892578125
1161.799072265625
1108.4454345703125
1145.9788818359375
1133.1741943359375
1119.1466064453125
1089.406494140625
1155.8973388671875
1137.29345703125
1122.7354736328125
1086.012451171875
1117.518798828125
1154.0826416015625
1167.5037841796875
1112.35302734375
1129.2694091796875
1088.3348388671875
1061.6732177734375
1100.7235107421875
1081.4754638671875
1116.725830078125
1078.6097412109375
1066.8416748046875
1098.3448486328125
1081.5478515625
1158.513916015625
1121.577392578125
1135.1136474609375
1133.6279296875
1116.1002197265625
1139.5650634765625
1134.46044921875
1111.5499267578125
1112.217529296875
1043.4844970703125
1102.2435302734375
1153.337646484375
1144.9097900390625
1125.8426513671875
