0.00249204 2.07116 -0.0008993634255602956 -0.0014786 -0.668703 -2.37794828414917 -0.00135774 -0.485124 -0.21718618273735046
0.00498408 4.06191 2.9768481254577637 -0.00295721 -1.33734 -1.8852492570877075 -0.00271548 -0.963413 -0.7051248550415039
0.00747613 5.8116 4.224632263183594 -0.00443581 -1.99846 -3.530902862548828 -0.00407322 -1.40771 -1.1640820503234863
0.00996817 7.09496 5.816729545593262 -0.00591441 -2.65807 -4.092550277709961 -0.00543096 -1.80323 -1.5366530418395996
0.0124602 7.977789999999999 6.906398773193359 -0.007393019999999999 -3.32971 -5.204792499542236 -0.0067887 -2.14873 -1.8913114070892334
0.0149523 8.59045 7.76824426651001 -0.00887162 -3.9418600000000006 -5.998445510864258 -0.00814644 -2.44577 -2.18060564994812
0.0174443 9.02558 8.353047370910645 -0.0103502 -4.4314 -6.8168816566467285 -0.00950418 -2.67563 -2.4180800914764404
0.0199363 9.3205 8.777798652648926 -0.0118288 -4.84936 -7.463089942932129 -0.0108619 -2.82554 -2.608229637145996
0.0224284 9.51987 9.097270011901855 -0.0133074 -5.23191 -8.000951766967773 -0.012219700000000002 -2.92496 -2.7509765625
0.0249204 9.67228 9.40234088897705 -0.014786 -5.57739 -8.356877326965332 -0.0135774 -3.00821 -2.8340210914611816
0.0274125 9.78876 9.862248420715332 -0.0162646 -5.89037 -8.420669555664062 -0.0149351 -3.07788 -2.927166223526001
0.0299045 9.87315 10.337470054626465 -0.0177432 -6.17334 -8.311090469360352 -0.0162929 -3.13736 -2.9677419662475586
0.0323965 9.92969 10.963531494140625 -0.0192218 -6.42643 -7.931908130645752 -0.0176506 -3.18927 -3.0074057579040527
0.0348886 9.967 11.436278343200684 -0.0207004 -6.65675 -7.551879405975342 -0.0190084 -3.23668 -3.052263021469116
0.0373806 9.98923 12.003332138061523 -0.0221791 -6.86789 -7.0877156257629395 -0.020366099999999998 -3.28064 -3.1264848709106445
0.0348886 7.91807 12.320273399353027 -0.0207004 -6.19919 -5.421080112457275 -0.0190084 -2.79552 -2.897603988647461
0.0323965 5.84691 10.842925071716309 -0.0192218 -5.53048 -4.076365947723389 -0.0176506 -2.31039 -2.4575793743133545
0.0299045 3.7757499999999995 8.561783790588379 -0.0177432 -4.86178 -2.6401476860046387 -0.0162929 -1.82527 -1.9753555059432983
0.0274125 1.70508 6.147749900817871 -0.0162646 -4.19278 -1.31212317943573 -0.0149351 -1.34035 -1.573689341545105
0.0299045 3.77624 5.995237827301025 -0.0177432 -4.86148 -2.215486764907837 -0.0162929 -1.82547 -1.8196042776107788
0.0323965 5.84741 7.504780292510986 -0.0192218 -5.53019 -3.1084861755371094 -0.0176506 -2.3106 -2.17118239402771
0.0348886 7.918569999999999 8.926831245422363 -0.0207004 -6.19889 -4.484384536743164 -0.0190084 -2.79572 -2.5343093872070312
0.0373806 9.98884 10.24580192565918 -0.0221791 -6.86754 -5.592471122741699 -0.020366099999999998 -3.28072 -2.871621608734131
0.0398727 9.99856 11.520547866821289 -0.0236577 -7.06252 -6.041153430938721 -0.0217238 -3.32135 -3.160757064819336
0.042364700000000005 9.99806 12.649724960327148 -0.0251363 -7.24186 -5.641650676727295 -0.0230816 -3.3591 -3.2908098697662354
0.0448568 9.98989 13.417570114135742 -0.026614900000000004 -7.40691 -5.256668567657471 -0.0244393 -3.39441 -3.336751937866211
0.0473488 9.97569 14.079402923583984 -0.0280935 -7.55807 -4.664331436157227 -0.0257971 -3.42733 -3.3931050300598145
0.0498408 9.95679 14.42266845703125 -0.0295721 -7.69542 -4.126312732696533 -0.0271548 -3.45804 -3.4401681423187256
0.0523329 9.93458 14.275166511535645 -0.0310507 -7.819289999999999 -4.305561542510986 -0.0285125 -3.48678 -3.5140371322631836
0.0548249 9.91016 14.2323637008667 -0.0325293 -7.9315 -4.363136291503906 -0.0298703 -3.51388 -3.5524446964263916
