-0.00258771 -2.64198 -4.707454204559326 0.000274117 -0.776692 -2.236264705657959 0.00186243 0.57432 0.943545937538147
-0.00517541 -5.22211 -5.321592807769775 0.000548234 -1.54335 -0.3225398361682892 0.00372486 1.13978 1.5515958070755005
-0.00776312 -7.50491 -8.126338958740234 0.000822351 -2.23856 -1.659729242324829 0.00558728 1.64401 2.037358522415161
-0.010350800000000002 -9.26634 -9.375727653503418 0.00109647 -2.79894 -1.4586799144744873 0.007449710000000001 2.06117 2.4382972717285156
-0.012938499999999999 -10.2482 -11.450095176696777 0.00137059 -3.09756 -2.659269094467163 0.00931214 2.34709 2.7842040061950684
-0.0155262 -10.8032 -12.90361499786377 0.0016447 -3.19885 -3.5083749294281006 0.0111746 2.52339 2.9982457160949707
-0.0181139 -11.0931 -14.45396614074707 0.00191882 -3.1283 -4.731297492980957 0.013037 2.60543 3.115537643432617
-0.020701600000000004 -11.2786 -15.518562316894531 0.00219294 -3.00268 -5.605978012084961 0.0148994 2.65173 3.1564671993255615
-0.0232894 -11.4287 -16.17398452758789 0.00246705 -2.86184 -6.034648418426514 0.0167619 2.68502 3.1610517501831055
-0.0258771 -11.5603 -16.181283950805664 0.00274117 -2.71332 -5.74464750289917 0.0186243 2.71012 3.1611266136169434
-0.0284648 -11.6779 -15.991692543029785 0.0030152899999999995 -2.56095 -5.265958309173584 0.020486699999999997 2.72584 3.169461965560913
-0.0310525 -11.784 -15.704765319824219 0.0032894 -2.40484 -4.709903240203857 0.0223491 2.73259 3.1761786937713623
-0.0336402 -11.8804 -15.298295021057129 0.00356352 -2.24662 -4.092199802398682 0.0242116 2.73318 3.158189296722412
-0.0362279 -11.9686 -15.05892276763916 0.00383764 -2.08943 -3.6724750995635986 0.026074 2.73223 3.168684244155884
-0.0388156 -12.0492 -14.825468063354492 0.00411176 -1.9349300000000003 -3.289778709411621 0.027936400000000004 2.73143 3.195382595062256
-0.0362279 -9.40726 -13.536309242248535 0.00383764 -1.15824 -2.4512526988983154 0.026074 2.15711 3.0153608322143555
-0.0336402 -6.76528 -11.67343807220459 0.00356352 -0.38155 -1.8183172941207886 0.0242116 1.58279 2.49456524848938
-0.0310525 -4.1233 -9.116018295288086 0.0032894 0.395142 -0.9670465588569641 0.0223491 1.00847 1.788754940032959
-0.0284648 -1.48252 -6.318090438842773 0.0030152899999999995 1.17091 -0.16055792570114136 0.020486699999999997 0.433398 1.0438802242279053
-0.0310525 -4.1245 -7.6547017097473145 0.0032894 0.394217 -1.4179726839065552 0.0223491 1.00772 1.1751915216445923
-0.0336402 -6.76648 -9.48974609375 0.00356352 -0.382475 -2.0850062370300293 0.0242116 1.58204 1.6260372400283813
-0.0362279 -9.40845 -11.557904243469238 0.00383764 -1.15917 -2.811793088912964 0.026074 2.15636 2.2052972316741943
-0.0388156 -12.0492 -13.321443557739258 0.00411176 -1.93522 -3.285499095916748 0.027936400000000004 2.73027 2.6864209175109863
-0.0414033 -12.1232 -14.256253242492676 0.00438587 -1.78418 -3.3424715995788574 0.0297989 2.73028 2.9999468326568604
-0.043991 -12.1899 -14.171958923339844 0.00465999 -1.63742 -2.7115485668182373 0.0316613 2.73075 3.120347738265991
-0.0465787 -12.2508 -13.62859058380127 0.00493411 -1.49489 -1.9150272607803345 0.0335237 2.73167 3.137883186340332
-0.0491664 -12.307 -13.130581855773926 0.00520822 -1.3573 -1.3189892768859863 0.0353861 2.73223 3.124507427215576
-0.0517541 -12.3591 -12.939859390258789 0.00548234 -1.22651 -1.086554765701294 0.0372486 2.7324 3.1097583770751953
-0.0543418 -12.4073 -12.520532608032227 0.00575646 -1.10168 -0.576651394367218 0.039111 2.73196 3.0785083770751953
-0.0569295 -12.4523 -12.531672477722168 0.006030579999999999 -0.9840739999999999 -0.496532678604126 0.04097339999999999 2.73046 3.054192066192627
