-0.00106846 -1.25578 -3.6279873847961426 -0.000405641 -0.842514 -2.768685817718506 0.00298895 0.810522 1.2020267248153687
-0.00213693 -2.51034 -3.146575689315796 -0.0008112830000000001 -1.68452 -1.286781907081604 0.0059779099999999995 1.62027 2.212916135787964
-0.00320539 -3.67566 -5.0317769050598145 -0.00121692 -2.48806 -3.075988531112671 0.00896686 2.37716 3.117809534072876
-0.00427385 -4.71576 -5.3306756019592285 -0.00162257 -3.23619 -2.873222827911377 0.0119558 3.0658 3.836493730545044
-0.005342309999999999 -5.55435 -6.554440975189209 -0.00202821 -3.8916000000000004 -4.108818531036377 0.0149448 3.639 4.528985500335693
-0.00641078 -6.05515 -7.184414386749268 -0.00243385 -4.41398 -4.716320037841797 0.0179337 4.04848 5.034352779388428
-0.00747924 -6.31233 -8.1012601852417 -0.00283949 -4.84237 -5.828644752502441 0.0209227 4.36949 5.45475959777832
-0.0085477 -6.44842 -8.794478416442871 -0.0032451299999999997 -5.19393 -6.7804975509643555 0.0239116 4.6383 5.7515387535095215
-0.00961616 -6.53155 -9.503751754760742 -0.00365077 -5.46104 -7.72124719619751 0.026900600000000004 4.86566 5.947046279907227
-0.0106846 -6.57821 -10.291665077209473 -0.00405641 -5.64038 -8.751590728759766 0.0298895 5.05316 6.061886310577393
-0.0117531 -6.60882 -10.471567153930664 -0.00446205 -5.78839 -9.103227615356445 0.0328785 5.21486 6.168713569641113
-0.0128216 -6.63493 -10.407684326171875 -0.0048677 -5.93338 -9.144330978393555 0.0358674 5.35842 6.332596302032471
-0.01389 -6.65593 -10.205144882202148 -0.00527334 -6.08235 -9.004170417785645 0.0388564 5.48433 6.5043044090271
-0.014958499999999998 -6.67208 -9.93132209777832 -0.00567898 -6.23964 -8.81452751159668 0.0418453 5.59249 6.673171520233154
-0.0160269 -6.68302 -9.500207901000977 -0.006084619999999999 -6.40701 -8.5154390335083 0.04483430000000001 5.6841 6.780735492706299
-0.014958499999999998 -5.42725 -8.734101295471191 -0.00567898 -5.56449 -7.949921131134033 0.0418453 4.87358 6.477942943572998
-0.01389 -4.17165 -7.800664901733398 -0.00527334 -4.72196 -7.417079448699951 0.0388564 4.063 5.833840370178223
-0.0128216 -2.91632 -6.579345226287842 -0.0048677 -3.87942 -6.752586364746094 0.0358674 3.25233 4.976979732513428
-0.0117531 -1.66125 -5.3570709228515625 -0.00446205 -3.03686 -6.085991382598877 0.0328785 2.44159 4.040728569030762
-0.0128216 -2.91702 -5.973123073577881 -0.0048677 -3.8793799999999994 -6.818288803100586 0.0358674 3.25211 4.327133655548096
-0.01389 -4.1728 -6.813401699066162 -0.00527334 -4.72189 -7.256555557250977 0.0388564 4.06263 4.951388359069824
-0.014958499999999998 -5.42857 -7.786665916442871 -0.00567898 -5.56441 -7.870859146118164 0.0418453 4.87316 5.614705562591553
-0.0160269 -6.68364 -8.668538093566895 -0.006084619999999999 -6.40665 -8.42379379272461 0.04483430000000001 5.6833 6.241148948669434
-0.0170954 -6.68978 -9.053348541259766 -0.006490259999999999 -6.58453 -8.557723999023438 0.0478233 5.76017 6.63226842880249
-0.0181639 -6.69291 -8.77387809753418 -0.0068959 -6.77154 -8.354982376098633 0.0508122 5.8221 6.801851272583008
-0.0192323 -6.69231 -8.427277565002441 -0.00730154 -6.96674 -8.124814987182617 0.05380120000000001 5.8719 6.868497848510742
-0.020300799999999997 -6.68897 -8.104076385498047 -0.00770719 -7.16785 -7.884843826293945 0.0567901 5.91152 6.908563137054443
-0.021369300000000004 -6.68485 -7.770229816436768 -0.00811283 -7.37191 -7.5999064445495605 0.0597791 5.94286 6.901978492736816
-0.0224377 -6.68138 -7.5352349281311035 -0.00851847 -7.57598 -7.439776420593262 0.062768 5.96756 6.8922929763793945
-0.0235062 -6.67948 -7.153185844421387 -0.00892411 -7.77866 -7.142174243927002 0.065757 5.98672 6.827667236328125
