0.000805502 -0.407242 -0.8002222180366516 -0.00226241 -2.06128 -2.1222970485687256 0.00211487 1.08932 1.019723892211914
0.0016110000000000002 -0.814484 -0.9023067951202393 -0.00452481 -4.12256 -4.064324378967285 0.00422975 2.17864 2.0092356204986572
0.00241651 -1.20849 -1.1553350687026978 -0.00678722 -6.11481 -5.951396465301514 0.00634462 3.24183 3.0416386127471924
0.00322201 -1.55997 -1.2698994874954224 -0.00904962 -7.93872 -7.485198497772217 0.00845949 4.24858 3.8898143768310547
0.00402751 -1.83751 -1.30265212059021 -0.011312 -9.53367 -8.74945068359375 0.0105744 5.16119 4.700692176818848
0.00483301 -2.03219 -1.292043924331665 -0.0135744 -10.8243 -9.80555534362793 0.0126892 5.94382 5.538163185119629
0.005638510000000001 -2.14741 -1.2501529455184937 -0.0158368 -11.8118 -10.608345985412598 0.0148041 6.58141 6.3620805740356445
0.00644402 -2.17852 -1.0858877897262573 -0.0180992 -12.5674 -11.207141876220703 0.016919 7.10311 7.135035514831543
0.00724952 -2.07605 -0.8263178467750549 -0.0203617 -13.0605 -11.578023910522461 0.0190339 7.49411 7.792996406555176
0.00805502 -1.82523 -0.4826124608516693 -0.0226241 -13.2907 -11.7546968460083 0.0211487 7.76095 8.318227767944336
0.00886052 -1.53363 -0.10138271749019623 -0.0248865 -13.3838 -11.830832481384277 0.0232636 7.982899999999999 8.765860557556152
0.00966603 -1.22446 0.2646868824958801 -0.027148899999999997 -13.3704 -11.820378303527832 0.0253785 8.17543 9.123551368713379
0.010471500000000002 -0.907629 0.5749828219413757 -0.0294113 -13.2919 -11.781135559082031 0.0274933 8.34963 9.451749801635742
0.011277 -0.59258 0.8467131853103638 -0.0316737 -13.1853 -11.69635009765625 0.0296082 8.51368 9.715116500854492
0.0120825 -0.281648 1.066707730293274 -0.0339361 -13.0641 -11.594603538513184 0.0317231 8.67244 9.954702377319336
0.011277 0.125594 1.263281226158142 -0.0316737 -11.0028 -10.66008186340332 0.0296082 7.58312 9.385664939880371
0.010471500000000002 0.532836 1.4613018035888672 -0.0294113 -8.94153 -8.982666969299316 0.0274933 6.4938 8.209933280944824
0.00966603 0.940078 1.691382884979248 -0.027148899999999997 -6.88025 -7.035351753234863 0.0253785 5.40448 6.81970739364624
0.00886052 1.34732 2.007587432861328 -0.0248865 -4.81897 -4.92222261428833 0.0232636 4.31516 5.340250015258789
0.00966603 0.940078 2.053832769393921 -0.027148899999999997 -6.88025 -5.444808483123779 0.0253785 5.40448 5.588722229003906
0.010471500000000002 0.532836 1.9696017503738403 -0.0294113 -8.94153 -6.734151840209961 0.0274933 6.4938 6.425659656524658
0.011277 0.125594 1.8555405139923096 -0.0316737 -11.0028 -8.301315307617188 0.0296082 7.58312 7.5379414558410645
0.0120825 -0.281648 1.7337793111801147 -0.0339361 -13.0641 -9.828269958496094 0.0317231 8.67244 8.679615020751953
0.012888000000000002 0.0232788 1.6315687894821167 -0.0361985 -12.9345 -10.739103317260742 0.033838 8.82692 9.532475471496582
0.0136935 0.320898 1.543466329574585 -0.0384609 -12.7993 -11.072808265686035 0.0359528 8.97788 10.115615844726562
0.014499 0.610328 1.5468692779541016 -0.0407233 -12.6602 -11.132244110107422 0.0380677 9.12574 10.439693450927734
0.015304499999999999 0.89141 1.5917179584503174 -0.0429857 -12.5185 -11.053513526916504 0.0401826 9.27086 10.596294403076172
0.01611 1.16339 1.6374174356460571 -0.045248100000000006 -12.3759 -10.987610816955566 0.0422975 9.41299 10.762117385864258
0.0169155 1.42648 1.6837557554244995 -0.0475105 -12.2326 -10.916265487670898 0.04441230000000001 9.55289 10.867609024047852
0.017721 1.68105 1.7291345596313477 -0.0497729 -12.0894 -10.86248779296875 0.0465272 9.6907 10.965269088745117
