0.000805502 -0.407242 -1.0838202238082886 -0.00226241 -2.06128 -2.629974842071533 0.00211487 1.08932 1.2086535692214966
0.0016110000000000002 -0.814484 -0.6145233511924744 -0.00452481 -4.12256 -4.113491535186768 0.00422975 2.17864 2.361907482147217
0.00241651 -1.20849 -0.4975718855857849 -0.00678722 -6.11481 -5.9336137771606445 0.00634462 3.24183 3.400113582611084
0.00322201 -1.55997 -0.2213602215051651 -0.00904962 -7.93872 -7.364011287689209 0.00845949 4.24858 4.371012210845947
0.00402751 -1.83751 0.016749640926718712 -0.011312 -9.53367 -8.863295555114746 0.0105744 5.16119 5.346768379211426
0.00483301 -2.03219 0.3821440637111664 -0.0135744 -10.8243 -9.976242065429688 0.0126892 5.94382 6.150462627410889
0.005638510000000001 -2.14741 0.730093240737915 -0.0158368 -11.8118 -10.90703296661377 0.0148041 6.58141 6.839663505554199
0.00644402 -2.17852 0.9382746815681458 -0.0180992 -12.5674 -11.604374885559082 0.016919 7.10311 7.379587650299072
0.00724952 -2.07605 1.1338680982589722 -0.0203617 -13.0605 -12.050674438476562 0.0190339 7.49411 7.776256561279297
0.00805502 -1.82523 1.1368895769119263 -0.0226241 -13.2907 -12.438566207885742 0.0211487 7.76095 8.161739349365234
0.00886052 -1.53363 0.8681851029396057 -0.0248865 -13.3838 -13.015954971313477 0.0232636 7.982899999999999 8.460714340209961
0.00966603 -1.22446 0.4918424189090729 -0.027148899999999997 -13.3704 -13.441861152648926 0.0253785 8.17543 8.687085151672363
0.010471500000000002 -0.907629 0.18004110455513 -0.0294113 -13.2919 -13.883962631225586 0.0274933 8.34963 8.830960273742676
0.011277 -0.59258 0.0005786465480923653 -0.0316737 -13.1853 -14.306599617004395 0.0296082 8.51368 9.006644248962402
0.0120825 -0.281648 -0.14745444059371948 -0.0339361 -13.0641 -14.73629379272461 0.0317231 8.67244 9.162030220031738
0.011277 0.125594 -1.4442846775054932 -0.0316737 -11.0028 -14.79328441619873 0.0296082 7.58312 8.906410217285156
0.010471500000000002 0.532836 -2.2508647441864014 -0.0294113 -8.94153 -13.723223686218262 0.0274933 6.4938 8.008753776550293
0.00966603 0.940078 -2.7810864448547363 -0.027148899999999997 -6.88025 -12.1765775680542 0.0253785 5.40448 6.648503303527832
0.00886052 1.34732 -3.2410826683044434 -0.0248865 -4.81897 -10.430699348449707 0.0232636 4.31516 4.940107822418213
0.00966603 0.940078 -2.187509059906006 -0.027148899999999997 -6.88025 -9.512404441833496 0.0253785 5.40448 4.636611461639404
0.010471500000000002 0.532836 -1.4328291416168213 -0.0294113 -8.94153 -9.937372207641602 0.0274933 6.4938 5.103959083557129
0.011277 0.125594 -0.6103339195251465 -0.0316737 -11.0028 -10.94494342803955 0.0296082 7.58312 6.011314868927002
0.0120825 -0.281648 -0.14201882481575012 -0.0339361 -13.0641 -12.702839851379395 0.0317231 8.67244 7.234814643859863
0.012888000000000002 0.0232788 -0.40534424781799316 -0.0361985 -12.9345 -14.536283493041992 0.033838 8.82692 8.338322639465332
0.0136935 0.320898 -0.777581512928009 -0.0384609 -12.7993 -15.425477981567383 0.0359528 8.97788 8.950718879699707
0.014499 0.610328 -1.128318428993225 -0.0407233 -12.6602 -16.04090690612793 0.0380677 9.12574 9.187773704528809
0.015304499999999999 0.89141 -1.8526939153671265 -0.0429857 -12.5185 -16.842153549194336 0.0401826 9.27086 9.164198875427246
0.01611 1.16339 -2.289522886276245 -0.045248100000000006 -12.3759 -17.355958938598633 0.0422975 9.41299 9.046582221984863
0.0169155 1.42648 -2.7824668884277344 -0.0475105 -12.2326 -17.797876358032227 0.04441230000000001 9.55289 8.899855613708496
0.017721 1.68105 -3.1136627197265625 -0.0497729 -12.0894 -17.99232292175293 0.0465272 9.6907 8.674677848815918
