0.000805502 -0.407242 -0.5026935338973999 -0.00226241 -2.06128 -1.8817298412322998 0.00211487 1.08932 1.1224149465560913
0.0016110000000000002 -0.814484 -1.0330935716629028 -0.00452481 -4.12256 -4.156223773956299 0.00422975 2.17864 2.2166221141815186
0.00241651 -1.20849 -1.4550156593322754 -0.00678722 -6.11481 -6.260193347930908 0.00634462 3.24183 3.2195286750793457
0.00322201 -1.55997 -1.7096679210662842 -0.00904962 -7.93872 -8.06595230102539 0.00845949 4.24858 4.126791954040527
0.00402751 -1.83751 -1.8422417640686035 -0.011312 -9.53367 -9.526849746704102 0.0105744 5.16119 4.892209529876709
0.00483301 -2.03219 -1.9315204620361328 -0.0135744 -10.8243 -10.682574272155762 0.0126892 5.94382 5.529136657714844
0.005638510000000001 -2.14741 -1.9674873352050781 -0.0158368 -11.8118 -11.579930305480957 0.0148041 6.58141 6.0646891593933105
0.00644402 -2.17852 -1.9281600713729858 -0.0180992 -12.5674 -12.285492897033691 0.016919 7.10311 6.525668144226074
0.00724952 -2.07605 -1.799407958984375 -0.0203617 -13.0605 -12.824063301086426 0.0190339 7.49411 6.94252872467041
0.00805502 -1.82523 -1.6031770706176758 -0.0226241 -13.2907 -13.238308906555176 0.0211487 7.76095 7.314409255981445
0.00886052 -1.53363 -1.3839508295059204 -0.0248865 -13.3838 -13.551493644714355 0.0232636 7.982899999999999 7.632268905639648
0.00966603 -1.22446 -1.179741382598877 -0.027148899999999997 -13.3704 -13.794084548950195 0.0253785 8.17543 7.908885478973389
0.010471500000000002 -0.907629 -0.9756744503974915 -0.0294113 -13.2919 -13.959060668945312 0.0274933 8.34963 8.155904769897461
0.011277 -0.59258 -0.7557218670845032 -0.0316737 -13.1853 -14.058631896972656 0.0296082 8.51368 8.378874778747559
0.0120825 -0.281648 -0.5442301034927368 -0.0339361 -13.0641 -14.114045143127441 0.0317231 8.67244 8.583874702453613
0.011277 0.125594 -0.29967010021209717 -0.0316737 -11.0028 -13.385236740112305 0.0296082 7.58312 8.40985107421875
0.010471500000000002 0.532836 -0.10672469437122345 -0.0294113 -8.94153 -11.775293350219727 0.0274933 6.4938 7.673766136169434
0.00966603 0.940078 0.01902833580970764 -0.027148899999999997 -6.88025 -9.8326997756958 0.0253785 5.40448 6.630969524383545
0.00886052 1.34732 0.06820541620254517 -0.0248865 -4.81897 -7.8959550857543945 0.0232636 4.31516 5.49435567855835
0.00966603 0.940078 0.027328012511134148 -0.027148899999999997 -6.88025 -8.197778701782227 0.0253785 5.40448 5.43488073348999
0.010471500000000002 0.532836 -0.07421154528856277 -0.0294113 -8.94153 -9.7534818649292 0.0274933 6.4938 6.115513801574707
0.011277 0.125594 -0.2465168684720993 -0.0316737 -11.0028 -11.694953918457031 0.0296082 7.58312 7.150000095367432
0.0120825 -0.281648 -0.3038489818572998 -0.0339361 -13.0641 -13.149717330932617 0.0317231 8.67244 7.964235782623291
0.012888000000000002 0.0232788 -0.2656588554382324 -0.0361985 -12.9345 -13.69762134552002 0.033838 8.82692 8.402033805847168
0.0136935 0.320898 -0.16298288106918335 -0.0384609 -12.7993 -13.875898361206055 0.0359528 8.97788 8.640568733215332
0.014499 0.610328 -0.03360232338309288 -0.0407233 -12.6602 -13.974568367004395 0.0380677 9.12574 8.82294750213623
0.015304499999999999 0.89141 0.10488002002239227 -0.0429857 -12.5185 -14.04903793334961 0.0401826 9.27086 8.974235534667969
0.01611 1.16339 0.23808826506137848 -0.045248100000000006 -12.3759 -14.13231086730957 0.0422975 9.41299 9.097853660583496
0.0169155 1.42648 0.3697090744972229 -0.0475105 -12.2326 -14.234603881835938 0.04441230000000001 9.55289 9.199305534362793
0.017721 1.68105 0.48713889718055725 -0.0497729 -12.0894 -14.361078262329102 0.0465272 9.6907 9.283032417297363
