0.000805502 -0.407242 -0.4760648012161255 -0.00226241 -2.06128 -2.130293607711792 0.00211487 1.08932 1.107110619544983
0.001611 -0.814484 -1.0024305582046509 -0.00452481 -4.12256 -4.521027088165283 0.00422975 2.17864 2.3097951412200928
0.00241651 -1.20849 -1.4932358264923096 -0.00678722 -6.11481 -6.662046909332275 0.00634462 3.24183 3.430896282196045
0.00322201 -1.55997 -1.886600375175476 -0.00904962 -7.93872 -8.612045288085938 0.00845949 4.24858 4.428795337677002
0.00402751 -1.8375100000000002 -2.175130605697632 -0.011312 -9.53367 -10.21750259399414 0.0105744 5.16119 5.281301498413086
0.00483301 -2.03219 -2.3013319969177246 -0.0135744 -10.8243 -11.450992584228516 0.0126892 5.94382 5.946178436279297
0.00563851 -2.14741 -2.3284974098205566 -0.0158368 -11.8118 -12.37083911895752 0.0148041 6.58141 6.472371578216553
0.00644402 -2.17852 -2.2939891815185547 -0.0180992 -12.5674 -13.052179336547852 0.016919 7.10311 6.892212390899658
0.00724952 -2.07605 -2.210613250732422 -0.0203617 -13.0605 -13.526885986328125 0.0190339 7.49411 7.246885776519775
0.00805502 -1.82523 -2.0862300395965576 -0.0226241 -13.290699999999998 -13.86486530303955 0.0211487 7.76095 7.536334037780762
0.00886052 -1.53363 -1.9557538032531738 -0.0248865 -13.3838 -14.077820777893066 0.0232636 7.9829 7.7805070877075195
0.00966603 -1.2244599999999999 -1.810438871383667 -0.0271489 -13.3704 -14.21006965637207 0.0253785 8.17543 7.98285436630249
0.0104715 -0.907629 -1.6613913774490356 -0.0294113 -13.2919 -14.272022247314453 0.027493299999999995 8.34963 8.156465530395508
0.011277 -0.59258 -1.4854142665863037 -0.0316737 -13.1853 -14.295175552368164 0.0296082 8.51368 8.309182167053223
0.0120825 -0.281648 -1.2882328033447266 -0.0339361 -13.0641 -14.264495849609375 0.0317231 8.67244 8.46118450164795
0.011277 0.125594 -1.239661455154419 -0.0316737 -11.0028 -14.300716400146484 0.0296082 7.58312 8.5718994140625
0.0104715 0.532836 -1.3429503440856934 -0.0294113 -8.94153 -14.370772361755371 0.027493299999999995 6.493800000000001 8.63325309753418
0.00966603 0.940078 -1.59712553024292 -0.0271489 -6.880249999999999 -14.479471206665039 0.0253785 5.404480000000001 8.679983139038086
0.00886052 1.34732 -1.9391427040100098 -0.0248865 -4.81897 -14.553509712219238 0.0232636 4.31516 8.689032554626465
0.00966603 0.940078 -2.0593836307525635 -0.0271489 -6.880249999999999 -14.59298038482666 0.0253785 5.404480000000001 8.751328468322754
0.0104715 0.532836 -2.067077398300171 -0.0294113 -8.94153 -14.570866584777832 0.027493299999999995 6.493800000000001 8.831755638122559
0.011277 0.125594 -2.001408815383911 -0.0316737 -11.0028 -14.517096519470215 0.0296082 7.58312 8.925578117370605
0.0120825 -0.281648 -1.8924732208251953 -0.0339361 -13.0641 -14.430431365966797 0.0317231 8.67244 9.00953197479248
0.012888 0.0232788 -1.752969741821289 -0.0361985 -12.934499999999998 -14.31982707977295 0.033838 8.82692 9.10245418548584
0.0136935 0.320898 -1.5989563465118408 -0.0384609 -12.7993 -14.207822799682617 0.0359528 8.97788 9.196369171142578
0.014498999999999998 0.610328 -1.453296184539795 -0.0407233 -12.6602 -14.075785636901855 0.0380677 9.12574 9.286907196044922
0.015304499999999999 0.89141 -1.3077682256698608 -0.0429857 -12.5185 -13.939900398254395 0.0401826 9.27086 9.376093864440918
0.01611 1.16339 -1.1774324178695679 -0.0452481 -12.3759 -13.798794746398926 0.0422975 9.41299 9.465598106384277
0.0169155 1.42648 -1.0557447671890259 -0.0475105 -12.2326 -13.66927433013916 0.0444123 9.55289 9.551819801330566
0.017721 1.68105 -0.9465221166610718 -0.0497729 -12.089399999999998 -13.545818328857422 0.0465272 9.6907 9.641953468322754
