1107.7420654296875
1211.868408203125
1043.6727294921875
1116.31298828125
1072.4234619140625
1135.0675048828125
1050.4228515625
1142.545654296875
1157.0777587890625
1110.966796875
1061.828125
1169.9892578125
1067.623046875
1081.384033203125
1066.59521484375
1158.6712646484375
1050.7674560546875
1133.240478515625
1202.68603515625
1076.4197998046875
1197.928466796875
1080.37060546875
1068.55322265625
1147.0152587890625
1166.0634765625
1119.002685546875
1077.106201171875
1185.9111328125
1110.556640625
1124.5771484375
1104.943603515625
1172.6982421875
1061.142578125
1066.2589111328125
1216.2603759765625
1159.946044921875
1129.517822265625
1098.664306640625
1135.992919921875
1068.068603515625
1123.79931640625
1198.041015625
1140.717529296875
955.3065185546875
1056.06494140625
1123.1270751953125
1072.4703369140625
1074.4130859375
986.4782104492188
1093.9263916015625
1062.5958251953125
1186.724365234375
1147.9549560546875
1078.497802734375
1050.55859375
1120.3546142578125
1142.9219970703125
1063.77099609375
1146.725341796875
1201.8154296875
1163.260986328125
1166.855224609375
1149.8582763671875
1125.7628173828125
1153.984130859375
1179.51220703125
1090.7208251953125
1041.1064453125
1144.0499267578125
1113.508056640625
1162.1082763671875
1168.644287109375
1037.955078125
1112.2056884765625
1266.6954345703125
1145.187744140625
1127.308349609375
1138.8160400390625
1019.6510620117188
1082.8370361328125
1097.660888671875
1096.1807861328125
1163.2396240234375
924.7614135742188
976.0934448242188
1184.0849609375
1131.7506103515625
1060.0203857421875
1101.809814453125
1134.3648681640625
1165.1412353515625
1212.776611328125
1149.2471923828125
1193.2962646484375
1268.28173828125
1172.34375
1222.8568115234375
1187.0306396484375
1103.5631103515625
1064.6563720703125
1195.1707763671875
1050.3851318359375
1231.2513427734375
1158.620849609375
1067.103759765625
1062.1268310546875
1070.19775390625
1186.5093994140625
1094.601318359375
1117.6859130859375
1110.6529541015625
1097.2901611328125
1053.9913330078125
1016.3356323242188
1149.0948486328125
1113.8580322265625
1154.0880126953125
1182.29150390625
1194.765380859375
1026.8365478515625
1190.91259765625
1139.018310546875
1028.873779296875
1060.8133544921875
1100.45263671875
1211.6553955078125
1129.680419921875
1055.955322265625
1156.841552734375
993.6409301757812
1196.8785400390625
1144.6326904296875
1172.9102783203125
985.1170654296875
1084.867431640625
1181.380859375
1056.220458984375
1040.822509765625
1116.284423828125
1102.35302734375
1097.1624755859375
1168.2845458984375
1120.480224609375
1102.5196533203125
1137.1539306640625
1049.491455078125
1102.267333984375
1100.0615234375
1081.6285400390625
1173.37451171875
1097.2806396484375
1159.148681640625
1134.713134765625
1089.424560546875
1139.1756591796875
1100.0731201171875
1108.8818359375
1073.8634033203125
1105.374755859375
1060.360595703125
1153.7744140625
1133.301513671875
1001.7212524414062
1153.735595703125
1088.653564453125
1101.669677734375
1111.199462890625
1048.384521484375
1178.13818359375
1126.9505615234375
1102.005615234375
1123.2845458984375
1103.255126953125
1070.4010009765625
1181.6593017578125
1252.0028076171875
1050.4505615234375
1107.7547607421875
1107.594970703125
1074.7490234375
1168.6473388671875
1189.09521484375
1069.8963623046875
1103.2606201171875
1096.4395751953125
1136.5267333984375
1103.4384765625
1161.7542724609375
1084.6549072265625
1020.2979125976562
1120.6671142578125
1064.990234375
1122.1658935546875
1150.5877685546875
1083.3209228515625
1212.64013671875
1147.899658203125
1145.1697998046875
1158.09375
1092.0994873046875
1130.166748046875
1186.7933349609375
1019.2980346679688
1074.3214111328125
1050.4310302734375
1098.7506103515625
1196.9166259765625
1125.6640625
1127.9052734375
1153.126953125
1174.4072265625
1048.31494140625
1007.2136840820312
1113.0555419921875
1103.701904296875
1081.6708984375
1166.166259765625
1064.1043701171875
1230.9649658203125
1152.882080078125
1043.3258056640625
1238.8985595703125
1043.914794921875
1119.386962890625
1169.5888671875
1096.7020263671875
1071.6197509765625
1005.4765014648438
1048.9647216796875
1182.8804931640625
1088.87939453125
1096.9486083984375
1034.14404296875
1181.558349609375
1191.33349609375
1108.66015625
1093.294921875
1155.9951171875
1099.8056640625
1102.220703125
973.5318603515625
1073.38330078125
1083.4019775390625
1050.0565185546875
1229.6802978515625
1188.8089599609375
1018.6044921875
1116.7366943359375
1065.838134765625
1096.3121337890625
1119.89208984375
1057.82568359375
1134.2794189453125
1110.4334716796875
1024.66748046875
1178.82861328125
1150.5118408203125
1135.242431640625
1163.280517578125
1064.0855712890625
1054.4962158203125
1055.81982421875
1081.2296142578125
1032.5408935546875
1108.3028564453125
1008.1043090820312
1228.2469482421875
1098.9501953125
1194.73779296875
1170.068359375
1036.661865234375
1128.539794921875
1062.3348388671875
1132.7998046875
1027.8380126953125
1110.1741943359375
1065.254150390625
995.3704223632812
1098.1409912109375
1115.1793212890625
992.2595825195312
1004.0635986328125
1225.50048828125
1122.1239013671875
1155.1318359375
1209.73583984375
1058.47314453125
1136.303466796875
1081.3851318359375
1040.326171875
1067.264404296875
1116.7923583984375
1084.489501953125
1013.0077514648438
1056.4061279296875
1205.6783447265625
1131.522216796875
999.5809326171875
1104.5316162109375
1171.5770263671875
1101.2108154296875
1010.2897338867188
1071.0987548828125
1016.8839721679688
1132.725830078125
1164.8590087890625
1244.9913330078125
1100.638427734375
1075.4617919921875
1112.6512451171875
1154.512939453125
1040.0615234375
1114.999267578125
1095.0262451171875
1182.9444580078125
1113.525634765625
1153.05859375
1213.69970703125
1043.8670654296875
965.158447265625
1065.0994873046875
1075.4190673828125
1142.2655029296875
1163.8758544921875
1105.4735107421875
955.8491821289062
1169.477294921875
1069.817626953125
1086.35791015625
1089.9261474609375
1126.1304931640625
1102.510498046875
1128.0567626953125
1078.73486328125
1029.636474609375
1111.728515625
998.58935546875
1096.4801025390625
1107.142822265625
1053.11328125
1079.7750244140625
1222.5135498046875
1074.0010986328125
1202.8187255859375
1120.3470458984375
993.6898193359375
1144.26513671875
1090.46826171875
1072.3529052734375
1100.2857666015625
1191.89013671875
1046.7772216796875
1121.288818359375
1201.9820556640625
1068.82373046875
1113.68310546875
1063.42919921875
1156.5078125
1132.1041259765625
1074.36669921875
1122.67333984375
1096.946533203125
1021.6776733398438
1075.2015380859375
1150.2259521484375
1156.0318603515625
1146.955322265625
1074.2078857421875
1058.306884765625
1076.5223388671875
1087.2073974609375
1112.4405517578125
1074.1593017578125
1156.5643310546875
1178.1148681640625
1103.3037109375
1041.799072265625
1090.6751708984375
1136.0550537109375
1017.4884033203125
1043.2679443359375
1073.8570556640625
1029.2850341796875
1056.96630859375
1246.2025146484375
1089.350830078125
1134.3743896484375
1126.6434326171875
1164.15869140625
1160.349365234375
1046.685791015625
1058.456298828125
1050.253662109375
1045.2144775390625
1131.1806640625
1171.2513427734375
1096.6951904296875
1053.833740234375
1081.00439453125
1177.053955078125
1164.7308349609375
1305.064697265625
1163.373779296875
1075.103515625
1142.7364501953125
1076.2158203125
1251.115478515625
1068.42724609375
1151.4454345703125
1208.308349609375
1061.879150390625
1010.06982421875
1043.204345703125
1149.529296875
1068.2803955078125
1169.774658203125
1101.793701171875
1123.197021484375
1228.3856201171875
1021.2182006835938
1164.026611328125
1141.888427734375
1097.271728515625
1122.2730712890625
1103.3671875
1164.21044921875
1117.3011474609375
1080.1881103515625
1221.1112060546875
1124.20458984375
1066.2841796875
1089.4503173828125
1280.137939453125
1081.4490966796875
1185.034912109375
1018.4275512695312
1098.5146484375
1150.2987060546875
1086.739501953125
1034.16552734375
1190.431640625
1080.8441162109375
1148.3365478515625
1210.018310546875
1184.3099365234375
1127.5489501953125
1162.371826171875
1106.1220703125
1152.9132080078125
1088.451416015625
1235.2056884765625
1251.9510498046875
1172.426513671875
1150.3310546875
1056.0107421875
1137.0865478515625
1078.485107421875
1142.3699951171875
1130.7105712890625
1035.9388427734375
1108.7337646484375
1127.0601806640625
1112.549560546875
1132.784423828125
1240.39599609375
1079.0689697265625
1153.3828125
1049.5067138671875
1094.421142578125
1106.8233642578125
1197.788818359375
1092.8192138671875
1121.9393310546875
1078.3890380859375
1029.553955078125
1100.68603515625
1113.1436767578125
1216.173828125
990.621826171875
1068.99072265625
1058.1767578125
1102.004638671875
1054.7318115234375
1158.5003662109375
1160.0162353515625
1148.8472900390625
1084.4930419921875
1030.430908203125
1151.5213623046875
1087.7620849609375
1076.1375732421875
987.87939453125
1096.2257080078125
1129.292236328125
1128.5350341796875
1048.7103271484375
1045.011474609375
1023.967041015625
1113.929931640625
1073.309326171875
