-0.00204839 -0.611931 -1.228163480758667 0.0030884 1.79314 2.3151047229766846 0.00679284 1.9517 2.4332151412963867
-0.00353378 -1.03879 -1.4041118621826172 0.00532793 2.93501 3.6943092346191406 0.011718599999999997 3.24392 3.9022815227508545
-0.00437461 -1.27081 -1.4821830987930298 0.00659567 3.46205 4.268428325653076 0.014507 3.8779299999999997 4.5340118408203125
-0.00455145 -1.31828 -1.4492385387420654 0.00686229 3.55866 4.359572887420654 0.015093400000000002 3.99922 4.636496543884277
-0.00409862 -1.18328 -1.2836484909057617 0.00617955 3.16043 3.980882167816162 0.013591800000000001 3.56607 4.233617782592773
-0.0030905 -0.882758 -1.0032570362091064 0.00465959 2.27386 2.959097385406494 0.0102487 2.60177 3.1820504665374756
-0.0016240099999999997 -0.445587 -0.7635452151298523 0.00244854 0.9841759999999999 1.1579324007034302 0.005385509999999999 1.19902 1.3617606163024902
0.00019846599999999998 0.0977056 -0.4924860894680023 -0.00029923 -0.61857 -0.8119020462036133 -0.000658149 -0.54424 -0.418796569108963
0.00228201 0.729899 0.7573423385620117 -0.00344062 -2.42332 -2.6327996253967285 -0.00756755 -2.51575 -2.707390546798706
0.00454564 1.4022 1.4815313816070557 -0.00685353 -3.8471200000000003 -4.010986804962158 -0.015074099999999998 -4.21876 -4.5888190269470215
0.00692189 1.86268 1.860547423362732 -0.0104362 -4.35697 -4.814663887023926 -0.0229542 -5.27217 -5.796578407287598
0.00935097 2.1065 2.110537528991699 -0.0140986 -4.4007 -5.253121852874756 -0.0310095 -5.84024 -6.60448694229126
0.0117723 2.25392 2.286550521850586 -0.0177492 -4.33559 -5.551692962646484 -0.0390389 -6.20277 -7.224586009979248
0.0141163 2.38094 2.3649728298187256 -0.0212834 -4.23541 -5.6513519287109375 -0.0468122 -6.44293 -7.56872034072876
0.0163002 2.5121 2.4449000358581543 -0.024576099999999997 -4.10031 -5.695921897888184 -0.0540545 -6.59352 -7.856152534484863
0.0182279 2.62453 2.449523448944092 -0.0274825 -3.9941599999999995 -5.685083866119385 -0.0604469 -6.67355 -8.075404167175293
0.0197953 2.69102 2.428565502166748 -0.0298457 -3.9337099999999996 -5.700816631317139 -0.0656447 -6.7135 -8.285969734191895
0.0209 2.72304 2.3876895904541016 -0.0315113 -3.90219 -5.713442325592041 -0.0693082 -6.73364 -8.395895004272461
0.0214526 2.7371 2.3256990909576416 -0.0323445 -3.88796 -5.683477401733398 -0.0711408 -6.74242 -8.387528419494629
0.0213884 2.71796 2.2363686561584473 -0.0322477 -3.8315100000000006 -5.57374382019043 -0.0709279 -6.68102 -8.284695625305176
0.020677100000000004 2.50589 2.1086513996124268 -0.0311751 -3.20589 -5.324008464813232 -0.0685689 -6.00056 -7.9846882820129395
0.0193291 2.10406 1.9160895347595215 -0.029142799999999996 -2.02045 -4.668854713439941 -0.0640987 -4.71118 -7.243409633636475
0.0173988 1.52848 1.6861777305603027 -0.0262324 -0.323591 -3.3703012466430664 -0.057697500000000006 -2.8646 -5.760579586029053
0.014982700000000002 0.798609 1.4357202053070068 -0.022589600000000005 1.78462 -1.2403448820114136 -0.04968519999999999 -0.565033 -3.16119647026062
0.0122141 -0.0619663 1.0014468431472778 -0.0184154 3.75117 1.3926517963409424 -0.0405042 1.68612 -0.03400423005223274
