0.00387364 3.72994 4.202032566070557 -0.00129981 0.0125 0.20552627742290497 0.0035821 0.888612 1.313685417175293
0.007106240000000001 6.57104 6.955852031707764 -0.00238452 -0.00514978 0.33535560965538025 0.0065714 1.59413 2.229248285293579
0.00969983 8.25821 8.766763687133789 -0.00325481 -0.0899049 0.33602821826934814 0.00896978 2.07307 2.8137617111206055
0.0117318 9.20852 9.998144149780273 -0.00393664 -0.187573 0.3133922517299652 0.010848799999999999 2.38353 3.2323732376098633
0.0133234 9.76989 10.872207641601562 -0.00447071 -0.274981 0.2857317328453064 0.012320600000000001 2.5885 3.544045925140381
0.0146066 10.1293 11.46666431427002 -0.00490128 -0.352471 0.2396417111158371 0.0135072 2.7219 3.7909481525421143
0.0156898 10.3799 11.927513122558594 -0.00526476 -0.417212 0.17466813325881958 0.0145089 2.81272 3.9859187602996826
0.0166297 10.5621 12.259854316711426 -0.00558014 -0.468744 0.09386802464723587 0.015378 2.87841 4.141327381134033
0.0174147 10.6923 12.517581939697266 -0.00584357 -0.507928 -0.0024387831799685955 0.016104 2.92667 4.263959884643555
0.0179651 10.7734 12.640595436096191 -0.00602825 -0.533278 -0.09037020057439804 0.016613 2.95815 4.34336519241333
0.0181488 10.7987 12.6748046875 -0.00608988 -0.541484 -0.15605106949806213 0.0167828 2.96833 4.378125190734863
0.0178106 10.4717 12.482192993164062 -0.00597641 -0.542713 -0.17540399730205536 0.0164701 2.89067 4.3253631591796875
0.0168079 9.50187 11.786552429199219 -0.00563993 -0.546356 -0.1425817906856537 0.0155428 2.6604 4.091177463531494
0.015042999999999999 7.79504 10.339264869689941 -0.00504772 -0.552767 -0.0848887488245964 0.0139108 2.25511 3.606539726257324
0.012486999999999998 5.32312 7.845462322235107 -0.00419005 -0.562052 -0.08607743680477142 0.0115472 1.66815 2.780524969100952
0.00918795 2.13258 4.047186374664307 -0.00308305 -0.574037 -0.2900906801223755 0.00849643 0.910557 1.562674880027771
0.00526359 -1.65299 -0.5340398550033569 -0.0017662200000000002 -0.586789 -0.6063927412033081 0.00486744 0.00829329 0.15461276471614838
0.0008815240000000001 -5.01786 -3.4724390506744385 -0.000295798 -0.452142 -1.1905266046524048 0.0008151769999999999 -0.920425 -0.5421455502510071
-0.0037673399999999997 -7.75763 -8.161625862121582 0.00126415 -0.270804 -0.6094096899032593 -0.0034838 -1.81747 -1.8536831140518188
-0.00849484 -9.69998 -11.05702018737793 0.00285047 0.104076 -0.4766746163368225 -0.00785549 -2.43117 -3.0125908851623535
-0.013135 -10.6834 -12.513141632080078 0.00440748 0.375826 -0.10139843821525574 -0.0121464 -2.76684 -3.7163548469543457
-0.0175531 -11.0783 -13.367405891418457 0.005890009999999999 0.55946 0.35283148288726807 -0.016232 -2.99763 -4.158783912658691
-0.0216449 -11.3045 -13.846258163452148 0.00726302 0.701921 0.823847234249115 -0.0200158 -3.17031 -4.502830505371094
-0.0253271 -11.466 -13.97008228302002 0.00849859 0.820131 1.2349220514297485 -0.0234209 -3.30535 -4.762896537780762
-0.028526099999999995 -11.5819 -14.013296127319336 0.00957204 0.914292 1.5775196552276611 -0.0263791 -3.40509 -4.967879772186279
