0.006128510000000001 3.94926 3.9366376399993896 -0.005137419999999999 -2.11992 -2.539288282394409 -0.00442834 -0.72727 -1.2980877161026
0.012385799999999999 7.01748 6.300674915313721 -0.0103828 -3.9448399999999997 -4.103183746337891 -0.00894977 -1.25247 -2.1349921226501465
0.0186532 8.94881 7.600712776184082 -0.0156366 -4.83968 -5.093611240386963 -0.0134784 -1.39942 -2.6039249897003174
0.0247926 10.0889 8.480833053588867 -0.0207832 -5.21225 -5.795167446136475 -0.0179147 -1.41965 -2.9108855724334717
0.0306471 10.4399 9.182197570800781 -0.025691 -5.51609 -6.277817726135254 -0.022145 -1.39895 -3.141007423400879
0.036048 10.5838 9.711921691894531 -0.030218399999999996 -5.69415 -6.530853271484375 -0.026047599999999997 -1.39845 -3.3277580738067627
0.0408287 10.6556 10.063770294189453 -0.034226 -5.79561 -6.595649242401123 -0.029502 -1.41081 -3.457681655883789
0.044841200000000005 10.6958 10.264214515686035 -0.0375896 -5.86567 -6.5292558670043945 -0.0324014 -1.4201 -3.550915479660034
0.0479717 10.7202 10.355721473693848 -0.0402138 -5.91341 -6.376850128173828 -0.0346634 -1.42656 -3.614461660385132
0.0501511 10.7347 10.395011901855469 -0.0420408 -5.94317 -6.251034259796143 -0.0362382 -1.43063 -3.655104637145996
0.0513585 10.742 10.382064819335938 -0.043053 -5.95853 -6.136313438415527 -0.0371107 -1.43269 -3.679410219192505
0.0516159 10.7435 10.296570777893066 -0.04326870000000001 -5.9617 -6.033149242401123 -0.0372967 -1.43312 -3.6758744716644287
0.050977 10.3262 10.077897071838379 -0.0427331 -5.73917 -5.905642986297607 -0.0368349 -1.35593 -3.6226582527160645
0.049512 9.36949 9.599781036376953 -0.041505 -5.22898 -5.678834915161133 -0.0357764 -1.17896 -3.4705231189727783
0.0472949 7.92164 8.716217041015625 -0.0396465 -4.45685 -5.257243633270264 -0.0341744 -0.911143 -3.178476572036743
0.04439509999999999 6.0279 7.30286979675293 -0.0372156 -3.44689 -4.540372371673584 -0.032079 -0.56087 -2.724322557449341
0.0408765 3.73016 5.272206783294678 -0.0342661 -2.22139 -3.4803099632263184 -0.0295366 -0.135895 -2.081597089767456
0.0368051 1.22262 2.707157850265503 -0.0308531 -0.75829 -2.08817458152771 -0.0265947 0.348702 -1.2597746849060059
0.0322607 -1.30865 0.013779787346720695 -0.0270436 0.803588 -0.41974908113479614 -0.023310899999999996 0.855147 -0.37826839089393616
0.027349899999999996 -3.68262 -2.3071300983428955 -0.0229269 2.17638 1.2222979068756104 -0.0197625 1.19807 0.386360228061676
0.022216 -5.68759 -4.207970142364502 -0.0186232 3.17167 2.72357439994812 -0.0160528 1.37846 0.9907383918762207
0.017041 -7.3869 -5.853209018707275 -0.014285199999999998 3.74161 3.992089033126831 -0.0123135 1.45551 1.3966004848480225
0.012039300000000001 -8.68844 -7.226353645324707 -0.0100923 4.18132 4.944093227386475 -0.00869934 1.45316 1.6183433532714844
0.00744089 -9.43396 -8.044783592224121 -0.00623757 4.54337 5.613934516906738 -0.00537664 1.40857 1.6616154909133911
0.00346948 -9.83803 -8.34654426574707 -0.0029084 4.83722 6.27164888381958 -0.00250698 1.36656 1.5015147924423218
