958.9892578125
1091.2655029296875
1192.1029052734375
1273.7144775390625
1278.0657958984375
1080.8040771484375
1104.861083984375
954.3386840820312
1080.7830810546875
1107.46875
1212.588623046875
1070.8199462890625
1167.410888671875
1350.39013671875
1163.7271728515625
1247.6859130859375
1077.56689453125
1088.0098876953125
1172.654052734375
1062.5958251953125
1154.7288818359375
1068.02685546875
1235.1834716796875
1281.86572265625
1234.6685791015625
1057.263671875
1211.802734375
1054.44970703125
1126.8602294921875
1279.6204833984375
1170.59814453125
1161.4171142578125
1282.827880859375
1169.2850341796875
1243.79443359375
1295.9635009765625
1177.8685302734375
1286.830810546875
1215.0848388671875
1095.171875
1128.173828125
1050.693359375
1237.106689453125
1073.9149169921875
1264.030029296875
1134.6142578125
1240.657470703125
1017.9541015625
1197.6085205078125
1178.068359375
1192.3076171875
1233.733642578125
1246.767578125
1079.698974609375
1054.3468017578125
1121.271240234375
1245.7691650390625
1023.2574462890625
1174.111328125
1044.8248291015625
1219.9652099609375
1210.7138671875
1050.6502685546875
1070.704833984375
1310.2572021484375
1096.04345703125
1109.2694091796875
1070.8291015625
1057.080322265625
1100.2818603515625
1252.4744873046875
1041.45166015625
1257.0823974609375
1027.120361328125
1185.804931640625
1045.7919921875
1125.506591796875
1167.4334716796875
1123.7257080078125
1290.99267578125
1346.34619140625
1218.921875
1238.4176025390625
1167.7589111328125
1149.1168212890625
1241.7890625
1193.4578857421875
1127.2574462890625
1152.5020751953125
1166.7745361328125
1066.0323486328125
1204.7681884765625
1082.8800048828125
1218.7783203125
1155.8245849609375
1314.8626708984375
1091.441650390625
1000.4197998046875
1085.9937744140625
1111.515625
1182.0145263671875
1106.6583251953125
1177.0723876953125
911.4055786132812
1132.753173828125
1136.4730224609375
1316.0595703125
1013.8536987304688
1026.440185546875
1028.5369873046875
1215.275146484375
1128.49365234375
1034.1954345703125
1009.791748046875
1173.242919921875
1250.4227294921875
1198.3397216796875
1231.3187255859375
1068.2191162109375
1007.6093139648438
1064.7152099609375
1090.5394287109375
1032.6243896484375
1045.4984130859375
1093.796875
1099.44482421875
1216.435791015625
1138.2125244140625
1127.924560546875
1214.87353515625
1178.57763671875
1278.987060546875
1181.164306640625
1190.7950439453125
1055.270263671875
1014.7839965820312
1102.9644775390625
1068.919677734375
1133.27734375
1226.4794921875
1110.079345703125
1137.54638671875
1122.1248779296875
1116.18212890625
1183.85888671875
1030.7525634765625
1140.062255859375
1261.14892578125
1239.36083984375
1090.2320556640625
1086.4298095703125
1090.943359375
1061.4490966796875
1296.9027099609375
1181.6337890625
1088.1690673828125
1247.7955322265625
1222.923828125
1100.820068359375
1104.7340087890625
1066.450439453125
1121.1148681640625
1072.3140869140625
1172.62646484375
1030.6258544921875
1112.055908203125
1054.3045654296875
1151.404052734375
1020.1998901367188
1181.688720703125
1248.8250732421875
1205.002197265625
1194.4705810546875
1313.2869873046875
1174.040283203125
1299.0911865234375
1256.5709228515625
1111.232421875
1253.119140625
1070.357177734375
1009.5523071289062
1154.4385986328125
1129.7318115234375
1144.81689453125
1139.9852294921875
1148.013671875
1061.0693359375
1163.3973388671875
1200.6529541015625
1030.2138671875
1148.99951171875
1106.9344482421875
1140.3800048828125
1128.4586181640625
1238.3017578125
1163.84619140625
1220.310791015625
1129.5079345703125
1419.871337890625
1459.737060546875
1161.28515625
1038.6627197265625
1120.70947265625
1266.3232421875
1229.9937744140625
1033.9630126953125
1240.98974609375
1116.093017578125
978.1138916015625
1038.215087890625
1207.981201171875
1169.4041748046875
1016.0980834960938
1067.304931640625
1055.47802734375
1116.3880615234375
1173.3758544921875
1158.54345703125
1168.5911865234375
1035.5511474609375
1156.069091796875
1119.67529296875
1179.4342041015625
1067.7493896484375
1239.9361572265625
1127.5465087890625
1222.3330078125
1075.56787109375
1113.7518310546875
1458.0810546875
1147.821044921875
1226.9949951171875
1094.80810546875
1279.7425537109375
1063.2244873046875
1071.3377685546875
1261.54833984375
1052.2635498046875
1103.8182373046875
1269.807861328125
1006.130859375
1218.577880859375
1178.991455078125
1300.166015625
1241.5379638671875
1020.5972900390625
1160.0999755859375
1206.405029296875
1042.192626953125
1175.2752685546875
1138.433837890625
1223.678466796875
1046.6561279296875
953.3516235351562
1093.425537109375
1266.7569580078125
1090.0975341796875
1074.5394287109375
1118.8492431640625
1138.2039794921875
1255.522216796875
1233.2838134765625
1102.7955322265625
1177.9462890625
1063.2301025390625
1134.92041015625
1169.5379638671875
1245.21484375
1290.2867431640625
1263.6392822265625
1165.4649658203125
1212.89794921875
1168.94384765625
1165.0716552734375
1124.0941162109375
1088.772705078125
1135.8680419921875
1038.7216796875
1258.00537109375
1188.5604248046875
1212.6156005859375
1235.4925537109375
1213.9149169921875
1112.8551025390625
1181.38330078125
1292.8953857421875
1067.8984375
1093.2576904296875
1134.4296875
1249.62451171875
928.611328125
1039.1988525390625
1081.2930908203125
1082.7742919921875
1222.41259765625
1187.1597900390625
1013.3399047851562
1078.64111328125
1260.468994140625
1094.0859375
1223.26953125
1167.3463134765625
1180.162109375
1119.9495849609375
1106.6348876953125
1016.2236328125
1108.1524658203125
1276.0064697265625
1040.006591796875
1204.05859375
1187.0955810546875
1126.455322265625
1072.9339599609375
1148.819091796875
1067.7529296875
1186.6072998046875
1189.7138671875
1257.5787353515625
1127.232177734375
1017.7496337890625
1043.049072265625
1197.39599609375
1119.1494140625
1186.8328857421875
1230.6236572265625
1012.7598876953125
1083.1837158203125
1101.5074462890625
1004.3975830078125
1133.1318359375
1205.4764404296875
1028.8709716796875
1052.9166259765625
1271.5150146484375
1009.5791015625
1199.15380859375
1052.4178466796875
1052.075439453125
1297.205078125
1023.69287109375
1107.3726806640625
1256.1851806640625
1226.4788818359375
1072.1920166015625
1082.27880859375
1085.8695068359375
1186.6533203125
1130.1173095703125
1140.6790771484375
1116.5712890625
1030.483642578125
1322.2977294921875
1119.36962890625
1239.80908203125
1119.578125
1161.618408203125
1262.8331298828125
1199.0455322265625
1078.723876953125
1046.3585205078125
1119.717041015625
1114.3038330078125
1138.726806640625
1281.3046875
1090.0321044921875
1158.2392578125
1303.1136474609375
1243.8564453125
1168.199462890625
1241.60498046875
1255.769775390625
1144.4439697265625
1107.4534912109375
1013.8961181640625
1185.24853515625
1069.365478515625
1071.9542236328125
1172.986572265625
1209.371826171875
1092.48681640625
1062.1055908203125
1067.3089599609375
1269.679931640625
1226.60693359375
1177.91650390625
1135.3421630859375
1258.1361083984375
1083.3890380859375
1049.89501953125
1247.25146484375
1230.0457763671875
1096.36865234375
1059.72314453125
1102.5281982421875
1079.6353759765625
1109.3984375
1121.382568359375
1096.123291015625
1064.4163818359375
1138.7265625
1178.8946533203125
1080.4039306640625
1301.1748046875
1079.765625
1053.150390625
1104.7164306640625
1160.6666259765625
1076.5423583984375
1174.5771484375
1160.3681640625
1226.6375732421875
1189.836181640625
1232.051025390625
1141.21875
1020.6028442382812
1163.362060546875
1176.383056640625
1071.6678466796875
997.9922485351562
1156.604248046875
1248.051513671875
1133.582275390625
1107.528564453125
1068.386962890625
1276.26318359375
1208.68896484375
1173.433837890625
1148.0113525390625
1128.1480712890625
1061.833251953125
1076.431396484375
1120.6329345703125
1179.521240234375
1201.7369384765625
1074.0941162109375
1099.9381103515625
1138.644775390625
1067.7325439453125
1049.922119140625
1174.5269775390625
1021.5464477539062
1120.27294921875
1151.10302734375
1074.2845458984375
1177.8958740234375
1206.4429931640625
1186.1146240234375
1109.01220703125
999.9735107421875
1092.31787109375
1039.0015869140625
1171.7996826171875
1239.6817626953125
1099.3536376953125
1044.601806640625
1051.943603515625
1159.4765625
1078.992919921875
1214.7642822265625
1017.3543701171875
1234.026123046875
1139.645263671875
1131.6837158203125
1182.7862548828125
1264.782958984375
1144.134765625
1178.241455078125
1135.1783447265625
1123.8416748046875
1166.005126953125
1285.427978515625
1154.1480712890625
1207.0614013671875
1131.8768310546875
1197.0955810546875
1215.401123046875
1213.5029296875
1047.5738525390625
1079.102294921875
1010.6956176757812
1242.460693359375
1070.931640625
1312.353759765625
1250.3753662109375
1079.501953125
1156.03759765625
1092.64453125
1055.0062255859375
1218.0482177734375
1113.5548095703125
1241.677001953125
1067.13720703125
1086.506103515625
1065.1756591796875
1249.7640380859375
1084.026611328125
1037.2083740234375
1185.1221923828125
1253.2867431640625
1200.4705810546875
