-0.00130673 -0.878532 0.07206486910581589 0.00138658 1.07243 1.0604780912399292 0.00257096 0.81593 0.9912318587303162
-0.00261346 -1.7576 -1.113445520401001 0.0027731699999999997 2.14241 1.9675394296646118 0.00514192 1.62944 1.7761330604553223
-0.00392018 -2.62528 -2.08217453956604 0.00415975 3.17965 2.9417824745178223 0.00771289 2.40815 2.6379153728485107
-0.00522691 -3.44392 -2.975708484649658 0.005546339999999999 4.1531 3.726630687713623 0.0102838 3.1235 3.4007391929626465
-0.006533639999999999 -4.18795 -3.7543210983276367 0.006932920000000001 5.02296 4.427941799163818 0.0128548 3.72332 4.061881065368652
-0.00784037 -4.84277 -4.42477560043335 0.00831951 5.76717 5.062932014465332 0.015425799999999998 4.18817 4.621213436126709
-0.00914709 -5.38488 -4.987235069274902 0.00970609 6.43562 5.632739067077637 0.0179967 4.5686 5.075764179229736
-0.0104538 -5.74895 -5.429954528808594 0.0110927 7.07629 6.156065940856934 0.0205677 4.85392 5.44443941116333
-0.0117606 -5.89173 -5.779685974121094 0.0124793 7.733739999999999 6.612869739532471 0.023138699999999998 5.02666 5.750298976898193
-0.0130673 -5.88499 -6.0637993812561035 0.0138658 8.39755 7.01289176940918 0.0257096 5.09903 6.025609970092773
-0.014374 -5.83724 -6.293933391571045 0.0152524 9.00186 7.358730316162109 0.0282806 5.13413 6.276144981384277
-0.0156807 -5.78288 -6.467453956604004 0.016639 9.51905 7.6746721267700195 0.0308515 5.15952 6.499746799468994
-0.0169875 -5.72616 -6.600685119628906 0.0180256 9.95382 7.9474897384643555 0.0334225 5.17753 6.700961112976074
-0.0182942 -5.67021 -6.700937747955322 0.0194122 10.3161 8.18681812286377 0.0359935 5.18966 6.878235816955566
-0.0196009 -5.6176 -6.780331134796143 0.0207988 10.6184 8.393732070922852 0.0385644 5.19738 7.032552719116211
-0.0182942 -4.73907 -6.609350681304932 0.0194122 9.54597 8.269210815429688 0.0359935 4.38145 6.872577667236328
-0.0169875 -3.86053 -6.263832092285156 0.0180256 8.47354 7.852811813354492 0.0334225 3.56552 6.51392126083374
-0.0156807 -2.982 -5.748338222503662 0.016639 7.40111 7.265941619873047 0.0308515 2.74959 6.012563705444336
-0.014374 -2.10347 -5.1356353759765625 0.0152524 6.32868 6.563296794891357 0.0282806 1.93366 5.423163890838623
-0.0156807 -2.982 -5.340545654296875 0.016639 7.40111 6.857885360717773 0.0308515 2.74959 5.657043933868408
-0.0169875 -3.86053 -5.740398406982422 0.0180256 8.47354 7.338619709014893 0.0334225 3.56552 6.06028413772583
-0.0182942 -4.73907 -6.2158989906311035 0.0194122 9.54597 7.8918046951293945 0.0359935 4.38145 6.523731231689453
-0.0196009 -5.6176 -6.652596950531006 0.0207988 10.6184 8.421001434326172 0.0385644 5.19738 6.964560031890869
-0.0209076 -5.57012 -6.791697978973389 0.0221854 10.8731 8.59288215637207 0.0411354 5.20212 7.1298441886901855
-0.0222144 -5.5291 -6.892740249633789 0.023571899999999996 11.0894 8.733000755310059 0.0437064 5.20489 7.265775680541992
-0.023521100000000003 -5.49472 -6.984721660614014 0.0249585 11.2731 8.868171691894531 0.0462773 5.2064 7.390242576599121
-0.0248278 -5.46546 -7.06316614151001 0.026345099999999996 11.4301 9.005571365356445 0.0488483 5.20712 7.505629062652588
-0.0261346 -5.44136 -7.120796203613281 0.0277317 11.5635 9.154566764831543 0.0514192 5.20723 7.613367557525635
-0.027441299999999995 -5.42184 -7.157508850097656 0.029118299999999996 11.6775 9.315197944641113 0.0539902 5.20693 7.71785306930542
-0.028748 -5.40629 -7.18801212310791 0.0305049 11.7761 9.473175048828125 0.0565612 5.20632 7.817924499511719
