-0.00306585 -3.23494 -2.3471953868865967 0.000873724 -0.0431455 -0.28107425570487976 -0.000277754 -0.0185156 0.04345744103193283
-0.00613171 -6.37617 -5.335470676422119 0.00174745 -0.0668185 -0.4519394338130951 -0.000555507 -0.0436138 -0.007816789671778679
-0.00919756 -9.14101 -7.635284900665283 0.0026211700000000004 -0.0227478 -0.4993951916694641 -0.000833261 -0.0890068 -0.04822080582380295
-0.0122634 -11.0982 -9.54565715789795 0.0034949 0.221509 -0.4549284279346466 -0.00111101 -0.213743 -0.1129564568400383
-0.015329300000000002 -12.5662 -11.017542839050293 0.00436862 0.49237200000000003 -0.3009239733219147 -0.00138877 -0.345564 -0.1529417186975479
-0.0183951 -13.6789 -12.110184669494629 0.005242340000000001 0.786872 -0.0727141723036766 -0.0016665199999999997 -0.47658399999999995 -0.19106826186180115
-0.021461 -14.4926 -12.89864730834961 0.00611607 1.1079 0.19860339164733887 -0.0019442800000000003 -0.609404 -0.2584896683692932
-0.0245268 -15.003 -13.449955940246582 0.00698979 1.46675 0.5006149411201477 -0.00222203 -0.738262 -0.3404475152492523
-0.0275927 -15.321099999999998 -13.806190490722656 0.00786351 1.86035 0.8125000596046448 -0.00249978 -0.851554 -0.4217124283313751
-0.0306585 -15.5497 -14.073487281799316 0.00873724 2.26726 1.1302143335342407 -0.00277754 -0.9433529999999999 -0.4888402819633484
-0.0337244 -15.7141 -14.268701553344727 0.00961096 2.68756 1.4861997365951538 -0.0030552899999999996 -1.012 -0.5475743412971497
-0.0367902 -15.829900000000002 -14.451626777648926 0.0104847 3.11121 1.8234390020370483 -0.0033330399999999994 -1.06263 -0.6002067923545837
-0.0398561 -15.9062 -14.628524780273438 0.0113584 3.53191 2.164292097091675 -0.0036108 -1.09572 -0.643706738948822
-0.042922 -15.9452 -14.798727035522461 0.0122321 3.94528 2.4953737258911133 -0.00388855 -1.10696 -0.6804389953613281
-0.0459878 -15.9659 -14.969538688659668 0.0131059 4.31579 2.7924656867980957 -0.0041663 -1.11266 -0.7124087810516357
-0.042922 -12.731 -14.52103328704834 0.0122321 4.35893 2.762523651123047 -0.00388855 -1.09415 -0.7350112199783325
-0.0398561 -9.49602 -13.630656242370605 0.0113584 4.40208 2.517282247543335 -0.0036108 -1.07563 -0.7919803261756897
-0.0367902 -6.26108 -12.254753112792969 0.0104847 4.44522 2.0996577739715576 -0.0033330399999999994 -1.05712 -0.8652585744857788
-0.0337244 -3.03204 -10.560811996459961 0.00961096 4.48827 1.588792324066162 -0.0030552899999999996 -1.03773 -0.8815819025039673
-0.0367902 -6.26699 -11.024713516235352 0.0104847 4.44512 1.5969133377075195 -0.0033330399999999994 -1.05625 -0.8703744411468506
-0.0398561 -9.50193 -12.236458778381348 0.0113584 4.40198 1.909478783607483 -0.0036108 -1.07477 -0.7732647657394409
-0.042922 -12.7369 -13.596169471740723 0.0122321 4.35883 2.355647325515747 -0.00388855 -1.09328 -0.6916099786758423
-0.0459878 -15.9632 -14.616718292236328 0.0131059 4.3189 2.782768726348877 -0.0041663 -1.11234 -0.6855816841125488
-0.0490537 -15.9788 -15.025481224060059 0.0139796 4.63194 3.1096670627593994 -0.00444406 -1.12053 -0.6895060539245605
-0.0521195 -15.9881 -15.224885940551758 0.0148533 4.89329 3.4094314575195312 -0.00472181 -1.12781 -0.6999273896217346
-0.0551854 -15.9944 -15.39777660369873 0.015727 5.07694 3.6677372455596924 -0.00499957 -1.13656 -0.7133427858352661
-0.0582512 -15.9988 -15.555455207824707 0.0166008 5.16919 3.862867593765259 -0.00527732 -1.14618 -0.7221688628196716
-0.0613171 -16.0021 -15.700140953063965 0.0174745 5.22258 4.000491142272949 -0.00555507 -1.15494 -0.7241508960723877
-0.0643829 -16.0048 -15.833420753479004 0.0183482 5.2626 4.0995402336120605 -0.00583283 -1.1625 -0.7165652513504028
-0.0674488 -16.0069 -15.950352668762207 0.0192219 5.29463 4.157046318054199 -0.006110579999999999 -1.16893 -0.7053775191307068
