-0.00205777 -2.72239 -1.6041333675384521 -4.2308700000000004e-05 -0.928881 -0.984638512134552 0.00245027 0.989476 0.9104055166244507
-0.00411553 -5.40804 -4.029201507568359 -8.461740000000001e-05 -1.83261 -1.8989803791046143 0.00490053 1.9593500000000001 1.6199886798858643
-0.006173299999999999 -7.882439999999999 -6.13583517074585 -0.000126926 -2.63375 -2.6795239448547363 0.007350799999999999 2.82181 2.3462796211242676
-0.00823107 -9.86858 -7.963817119598389 -0.000169235 -3.13806 -3.366546154022217 0.00980107 3.45191 2.965437412261963
-0.0102888 -11.5058 -9.423784255981445 -0.000211544 -3.4771 -3.869762897491455 0.0122513 3.88426 3.4340696334838867
-0.012346599999999998 -12.846 -10.623040199279785 -0.000253852 -3.73383 -4.273831844329834 0.014701599999999999 4.19445 3.7938387393951416
-0.0144044 -13.9223 -11.575304985046387 -0.000296161 -3.8935900000000006 -4.54469108581543 0.0171519 4.3999 4.061646938323975
-0.0164621 -14.7771 -12.352435111999512 -0.00033847 -3.9767299999999994 -4.7065958976745605 0.0196021 4.52586 4.2590179443359375
-0.0185199 -15.4422 -12.977116584777832 -0.000380778 -4.0297 -4.795220851898193 0.0220524 4.59982 4.413863658905029
-0.0205777 -15.941 -13.484173774719238 -0.000423087 -4.05903 -4.831205368041992 0.0245027 4.63952 4.539560794830322
-0.0226354 -16.3249 -13.898150444030762 -0.000465396 -4.07402 -4.8492112159729 0.0269529 4.66359 4.6509904861450195
-0.024693199999999995 -16.6305 -14.234864234924316 -0.000507704 -4.08132 -4.862215518951416 0.029403199999999997 4.68149 4.766883850097656
-0.026750999999999997 -16.8805 -14.509285926818848 -0.000550013 -4.08435 -4.87385368347168 0.0318535 4.69603 4.8836989402771
-0.0288087 -17.0856 -14.734942436218262 -0.000592322 -4.08681 -4.877198696136475 0.0343037 4.7074 5.002064228057861
-0.0308665 -17.2538 -14.921643257141113 -0.000634631 -4.08974 -4.863915920257568 0.036754 4.7152 5.124507427215576
-0.0288087 -14.5319 -14.502492904663086 -0.000592322 -3.16198 -4.59517240524292 0.0343037 3.72548 5.01426362991333
-0.026750999999999997 -11.8101 -13.71497631072998 -0.000550013 -2.23435 -4.29119873046875 0.0318535 2.73575 4.704292297363281
-0.024693199999999995 -9.0893 -12.695351600646973 -0.000507704 -1.30713 -4.001615047454834 0.029403199999999997 1.74559 4.2695746421813965
-0.0226354 -6.36926 -11.604146003723145 -0.000465396 -0.380705 -3.7655205726623535 0.0269529 0.755281 3.797217607498169
-0.024693199999999995 -9.09165 -12.327287673950195 -0.000507704 -1.30959 -4.098339080810547 0.029403199999999997 1.74476 3.9823858737945557
-0.026750999999999997 -11.814 -13.213010787963867 -0.000550013 -2.23847 -4.333867073059082 0.0318535 2.73423 4.341249465942383
-0.0288087 -14.5364 -14.097877502441406 -0.000592322 -3.16735 -4.541262626647949 0.0343037 3.72371 4.745552062988281
-0.0308665 -17.2506 -14.852170944213867 -0.000634631 -4.09118 -4.702293395996094 0.036754 4.71028 5.092174530029297
-0.0329243 -17.3931 -15.045863151550293 -0.000676939 -4.09049 -4.7332844734191895 0.0392043 4.71712 5.229555130004883
-0.034982 -17.5089 -15.221967697143555 -0.000719248 -4.09211 -4.754220962524414 0.04165449999999999 4.71827 5.340341091156006
-0.0370398 -17.6104 -15.40648078918457 -0.000761557 -4.09337 -4.770831108093262 0.0441048 4.71643 5.435733795166016
-0.0390976 -17.7022 -15.596245765686035 -0.000803865 -4.09518 -4.786220073699951 0.0465551 4.71208 5.523894309997559
-0.0411553 -17.7863 -15.768502235412598 -0.000846174 -4.09779 -4.791574478149414 0.049005299999999995 4.70621 5.608957290649414
-0.0432131 -17.8631 -15.927811622619629 -0.0008884830000000001 -4.10017 -4.816526889801025 0.05145559999999999 4.69998 5.689586639404297
-0.0452709 -17.9327 -16.07797622680664 -0.000930792 -4.10185 -4.856142997741699 0.0539059 4.69399 5.7693705558776855
