-0.00238351 -6.17165 -2.5761775970458984 0.0007592309999999999 -0.262388 0.505668580532074 -0.000472326 -0.427289 -0.11354731023311615
-0.00514609 -13.3166 -5.904466152191162 0.00163921 -0.565935 1.2841321229934692 -0.00101977 -0.922464 -0.16585470736026764
-0.008031 -20.6553 -8.955840110778809 0.00255814 -0.862559 1.9594926834106445 -0.00159145 -1.42808 -0.24996033310890198
-0.0107824 -27.0129 -11.503655433654785 0.00343455 -1.16632 2.6162242889404297 -0.00213667 -1.87656 -0.32213324308395386
-0.0131559 -31.5464 -13.293734550476074 0.00419061 -1.46758 3.1557090282440186 -0.0026070300000000006 -2.18935 -0.3783242702484131
-0.0149468 -34.6153 -14.391356468200684 0.00476108 -1.67978 3.5606513023376465 -0.00296192 -2.38933 -0.42212191224098206
-0.0160078 -36.3161 -14.893552780151367 0.00509902 -1.80109 3.8016715049743652 -0.00317216 -2.49899 -0.46586549282073975
-0.0162556 -36.7002 -14.90944766998291 0.00517796 -1.82894 3.8491523265838623 -0.00322126 -2.52365 -0.5011484622955322
-0.0156672 -35.1768 -14.501236915588379 0.00499055 -1.76417 3.6900203227996826 -0.00310467 -2.41818 -0.5216179490089417
-0.014268 -31.5537 -13.553770065307617 0.00454484 -1.61014 3.325618267059326 -0.00282739 -2.16734 -0.5402080416679382
-0.0121159 -25.9813 -11.837915420532227 0.0038593300000000002 -1.37323 2.7593557834625244 -0.00240093 -1.78154 -0.5527405142784119
-0.00928701 -18.6564 -9.088859558105469 0.00295823 -1.06181 1.9741854667663574 -0.0018403499999999997 -1.27441 -0.5405473709106445
-0.00586467 -9.79494 -5.172825813293457 0.0018681 -0.685062 0.9869034886360168 -0.00116216 -0.660889 -0.48323020339012146
-0.0019352 0.379644 -0.5420990586280823 0.000616428 -0.252489 -0.012738735415041447 -0.000383487 0.0435397 -0.3519776463508606
0.00240988 11.5973 4.22430944442749 -0.000767628 0.22408 -0.7246080636978149 0.00047755 0.821901 -0.21167434751987457
0.00706653 23.1513 9.682099342346191 -0.00225093 0.694569 -1.3878916501998901 0.00140033 1.65158 0.010525018908083439
0.011908700000000001 34.6041 14.035492897033691 -0.00379333 1.05664 -1.9884891510009766 0.00235987 2.42218 0.34893283247947693
0.0167809 41.6409 17.211442947387695 -0.00534528 1.52779 -2.6380319595336914 0.00332536 2.87598 0.5930384993553162
0.021496400000000002 45.7003 19.197389602661133 -0.00684733 2.01513 -3.3183133602142334 0.0042598 3.16266 0.7725518941879272
0.025845400000000004 47.5769 20.6866455078125 -0.00823265 2.57613 -4.050428867340088 0.00512162 3.36294 0.9252119064331055
0.0296139 48.527 21.552688598632812 -0.00943303 3.07783 -4.762210369110107 0.00586839 3.50344 1.071448564529419
0.0326118 49.0905 22.12618064880371 -0.010388 3.44432 -5.3805365562438965 0.00646246 3.59178 1.2038424015045166
0.0347081 49.419 22.33625030517578 -0.0110557 3.68189 -5.840237140655518 0.00687788 3.64264 1.3104358911514282
0.0358647 49.5824 22.375850677490234 -0.0114241 3.8070300000000006 -6.1252875328063965 0.00710708 3.66736 1.3749077320098877
0.0361616 49.6226 22.2856502532959 -0.0115187 3.8386299999999998 -6.2434234619140625 0.007165910000000001 3.67337 1.3944814205169678
