-0.0024709 -7.50382 -2.2036516666412354 -0.000255604 -3.12012 -0.9374422430992126 -0.000300339 -0.202765 -0.246278315782547
-0.00350884 -10.6559 -2.859389543533325 -0.000362974 -4.43078 -1.0482792854309082 -0.000426501 -0.28794 -0.30549725890159607
-0.0032679200000000005 -9.92426 -2.370786428451538 -0.00033805099999999997 -4.12655 -0.9013593196868896 -0.000397217 -0.268169 -0.3193400502204895
-0.00207368 -6.29749 -0.9324076771736145 -0.000214512 -2.61853 -0.5865181684494019 -0.000252056 -0.170168 -0.29988569021224976
-0.000368268 -1.11838 1.0298312902450562 -3.80957e-05 -0.465029 -0.18509724736213684 -4.47632e-05 -0.030220500000000004 -0.27609631419181824
0.00136639 4.14957 3.048776865005493 0.000141347 1.72541 0.1800909787416458 0.000166086 0.112128 -0.2602890431880951
0.00269222 8.17593 4.398141384124756 0.000278498 3.39959 0.5088277459144592 0.00032724 0.220927 -0.24894185364246368
0.00328911 9.98861 4.862241744995117 0.000340243 4.15331 0.6494594216346741 0.000399792 0.269908 -0.22975820302963257
0.00300666 9.13085 4.359480381011963 0.000311025 3.79665 0.522939920425415 0.0003654609999999999 0.24672999999999998 -0.2000851184129715
0.00188577 5.72684 2.9121456146240234 0.000195074 2.38125 0.1393708884716034 0.000229216 0.154749 -0.16270007193088531
0.000148749 0.451732 0.7734001874923706 1.53874e-05 0.187832 -0.3142678737640381 1.80805e-05 0.0122065 -0.1593659222126007
-0.00183769 -5.58084 -1.4195963144302368 -0.000190101 -2.32054 -0.6998507380485535 -0.000223372 -0.150803 -0.21897514164447784
-0.0036184 -10.9886 -3.093761682510376 -0.000374307 -4.56912 -1.021297812461853 -0.00043981799999999997 -0.29693 -0.29921379685401917
-0.00471475 -14.316 -3.9893176555633545 -0.000487719 -5.95328 -1.2085448503494263 -0.00057308 -0.386605 -0.3562827706336975
-0.00468888 -14.2374 -3.755134105682373 -0.00048504299999999994 -5.92061 -1.1465905904769897 -0.000569935 -0.384482 -0.3716931641101837
-0.00319914 -9.71327 -2.0027332305908203 -0.000330936 -4.03945 -0.7688983082771301 -0.000388857 -0.262232 -0.3449347913265228
-4.10359e-05 -0.122503 1.6831128597259521 -4.24497e-06 -0.0515656 -0.09553337842226028 -4.98793e-06 -0.00307422 -0.30966973304748535
0.0048298 14.6674 7.27506160736084 0.00049962 6.09878 1.1138815879821777 0.000587064 0.396277 -0.3609708249568939
0.0112936 32.8493 12.499394416809082 0.00116827 13.8909 3.137253522872925 0.0013727399999999997 0.810493 -0.20126020908355713
0.0190804 47.5223 16.438554763793945 0.00197378 21.2686 5.339726448059082 0.00231923 0.922354 0.03780322149395943
0.0278 54.6738 18.931499481201172 0.0028757800000000005 26.2421 7.471478462219238 0.0033791000000000003 0.381921 0.2162134200334549
0.036982 55.5021 20.536834716796875 0.0038256200000000005 28.2281 9.072640419006348 0.00449517 -0.48284199999999994 0.24626874923706055
0.046122 55.7306 21.87344741821289 0.00477111 29.6929 10.12351131439209 0.00560614 -1.01502 0.27543923258781433
0.0547259 55.8352 22.954729080200195 0.00566114 30.9354 10.736252784729004 0.00665195 -1.31702 0.33055776357650757
0.0623467 55.8897 23.712854385375977 0.00644948 31.961499999999997 11.120307922363281 0.00757827 -1.48752 0.3809193968772888
