-0.000131438 -0.620238 0.8851258754730225 -0.000252647 -0.869496 -0.7959945201873779 -9.03573e-05 -0.0851223 -0.19679148495197296
-0.000388314 -1.8324 0.3932916522026062 -0.000746408 -2.56879 -1.430355191230774 -0.000266947 -0.251481 -0.18363669514656067
-0.0007593600000000002 -3.58332 0.0586060956120491 -0.00145962 -5.02336 -2.3268821239471436 -0.000522023 -0.4917790000000001 -0.19293145835399628
-0.00123796 -5.84174 -0.44107958674430847 -0.00237957 -8.18939 -3.441068649291992 -0.000851035 -0.801729 -0.21220067143440247
-0.00181831 -8.58035 -1.0406198501586914 -0.00349511 -12.0286 -4.743548393249512 -0.0012499999999999998 -1.17758 -0.2424469143152237
-0.00248784 -11.7337 -1.7720768451690674 -0.00478208 -16.4423 -6.198036193847656 -0.0017102700000000003 -1.6053 -0.2757713496685028
-0.0032204 -15.140500000000001 -2.5828824043273926 -0.00619018 -21.2106 -7.6966118812561035 -0.00221387 -2.05426 -0.2991032898426056
-0.00397309 -18.5422 -3.4073572158813477 -0.00763699 -25.9832 -9.132074356079102 -0.00273131 -2.49473 -0.30301767587661743
-0.0046888 -21.5559 -4.15783166885376 -0.0090127 -30.188399999999998 -10.401734352111816 -0.00322332 -2.85776 -0.28930264711380005
-0.005304229999999999 -23.8379 -4.772555351257324 -0.010195699999999999 -33.2675 -11.435074806213379 -0.00364641 -3.10112 -0.2649432122707367
-0.005761860000000001 -25.4401 -5.212275505065918 -0.011075299999999998 -35.4247 -12.176117897033691 -0.003961 -3.26316 -0.24227599799633026
-0.00602212 -26.3218 -5.462170600891113 -0.0115756 -36.6103 -12.59994125366211 -0.00413992 -3.3476 -0.22667691111564636
-0.00607232 -26.4896 -5.522481441497803 -0.0116721 -36.8356 -12.701991081237793 -0.00417443 -3.36318 -0.21969303488731384
-0.00592921 -25.8143 -5.407256603240967 -0.011396999999999997 -35.889 -12.508940696716309 -0.00407605 -3.27051 -0.2199963927268982
-0.00563409 -24.4216 -5.138810634613037 -0.0108297 -33.9366 -12.067903518676758 -0.00387316 -3.07938 -0.225114107131958
-0.00524139 -22.5686 -4.751121997833252 -0.010074900000000001 -31.3388 -11.440442085266113 -0.0036032 -2.82506 -0.23233847320079803
-0.00480387 -20.504 -4.294261932373047 -0.00923389 -28.4445 -10.68603801727295 -0.00330243 -2.54171 -0.2382601499557495
-0.00435811 -18.4005 -3.8125479221343994 -0.00837706 -25.4957 -9.86448860168457 -0.00299599 -2.25302 -0.24224652349948883
-0.00391442 -16.3068 -3.320659637451172 -0.00752422 -22.5606 -9.005765914916992 -0.00269098 -1.96568 -0.24339787662029266
-0.00345399 -14.134 -2.797574758529663 -0.00663917 -19.5147 -8.07178783416748 -0.00237445 -1.66749 -0.24248157441616058
-0.00293412 -11.6809 -2.1919126510620117 -0.00563991 -16.0757 -6.944653511047363 -0.00201707 -1.33082 -0.23000475764274597
-0.00230082 -8.6924 -1.4376214742660522 -0.00442258 -11.8862 -5.465708255767822 -0.0015817 -0.920674 -0.20256702601909637
-0.0015055499999999998 -4.93964 -0.4985133409500122 -0.00289394 -6.62534 -3.5314865112304688 -0.001035 -0.405642 -0.1703060120344162
-0.000522621 -0.301318 0.5348016619682312 -0.00100457 -0.12299099999999999 -1.1979708671569824 -0.000359277 0.230928 -0.1694771945476532
0.00063727 5.17205 1.6176344156265259 0.00122495 7.549980000000001 1.2059333324432373 0.00043809299999999997 0.982101 -0.17632222175598145
