0.9813373343970424 0.8817383566905044
0.8984168472569977 0.0
0.8611495745094523 0.0
0.8305965834242448 0.0
0.8138754343265446 0.7834847903728972
0.8006324823403608 0.0
0.7759572656528329 0.0
0.7623715504539957 0.0
0.7518417780786997 0.7485086499999937
0.7448136906913222 0.0
0.7318019622458123 0.0
0.7200755196609373 0.0
0.7102341897662324 0.6794343493155819
0.7028747759095658 0.0
0.6936938028728892 0.0
0.6866589105028764 0.0
0.6815676185838978 0.6618170315515931
0.6753695459645142 0.0
0.6723496112860553 0.0
0.6675405808053771 0.0
0.6659227837879234 0.6566415469715152
0.6625002383847978 0.0
0.6557449024058114 0.0
0.653925647151659 0.0
0.6510067021225269 0.6372139438765748
0.6474163424638825 0.0
0.64978790057427 0.0
0.6409681042102608 0.0
0.6434696119858572 0.6332682869838844
0.6347874729798143 0.0
0.6355543337327427 0.0
0.631003408423557 0.0
0.6287363945961197 0.6198257987430642
0.6271277025727968 0.0
0.6261135245590245 0.0
0.6206771228762314 0.0
0.6175047302547546 0.6101495827421716
0.619002489173742 0.0
0.6108089780381006 0.0
0.6128418624156959 0.0
0.6077050608945267 0.603169618794303
0.6075727117257326 0.0
0.6022191900136185 0.0
0.6020355586148494 0.0
0.6005406603113839 0.5988365949117589
0.5995287682842542 0.0
0.5936619357755324 0.0
0.5932474482323093 0.0
0.5948857454511555 0.5908139596140402
0.5892572201405634 0.0
0.5872509090969508 0.0
0.5863866748586809 0.0
0.5850710254558843 0.5993477897016618
0.5872670291540287 0.0
0.5839604051958996 0.0
0.5794587256860515 0.0
0.5809460293768017 0.5792531958155582
0.579379001797021 0.0
0.5770100441518974 0.0
0.5708986430081322 0.0
0.5721080963040254 0.5802063701420643
0.5735630225698487 0.0
0.5675829144070335 0.0
0.5705138742711888 0.0
0.5696179588334519 0.5954219690933892
0.5648548677281566 0.0
0.5696553885537982 0.0
0.5662606923025932 0.0
0.5643884757747056 0.5745652121267519
0.5615733340178326 0.0
0.5571461004734939 0.0
0.5602312575149668 0.0
0.5585047965548143 0.5697256417932351
0.5564518197142092 0.0
0.5603809777241371 0.0
0.5542587203697831 0.0
0.5577369969556558 0.5607403098845263
0.5507984816919596 0.0
0.550060296113079 0.0
0.5511835112854 0.0
0.5505592732030189 0.5544769542465298
0.5473849539639003 0.0
0.5501862202693057 0.0
0.549204998644585 0.0
0.5429191655633095 0.5563384696706868
0.5428885316938775 0.0
0.5355482933225987 0.0
0.5384697828948758 0.0
0.5397564163587494 0.5645732389904873
0.5371518952895958 0.0
0.5429003705253266 0.0
0.5484152070022158 0.0
0.5345523096411404 0.5439547483766088
0.5315274868528661 0.0
0.5322521307727006 0.0
0.5297322252824768 0.0
0.5313499854467431 0.5507886138315533
0.5335504070512168 0.0
0.5290672826804279 0.0
0.5292001463562881 0.0
0.5298802852183674 0.5535312150201316
0.5279261041703799 0.0
0.5257266167006364 0.0
0.5219714659203569 0.0
0.5270152064741952 0.5505742689495051
0.5266961052592114 0.0
0.5210209322642055 0.0
0.5178899607277921 0.0
0.5196764992474608 0.5580398285746812
0.5140749297335053 0.0
0.5177338453715816 0.0
0.5118219743384635 0.0
0.519555987192228 0.551561534275582
0.5178821418960544 0.0
0.5075413796950281 0.0
0.5092486329951031 0.0
0.5123116929262093 0.5405255790481776
0.5077707938747521 0.0
0.5064861503286344 0.0
0.5093074310134513 0.0
0.5071118246544426 0.5470175397125105
0.5093299109155557 0.0
0.5031582383318572 0.0
0.49947016532538463 0.0
0.5123315650239024 0.5588458270054765
0.4973980092871506 0.0
0.499778369353756 0.0
0.4971412303974947 0.0
0.5132533704975208 0.5431185878412463
0.49388726862909493 0.0
0.49079811610692536 0.0
0.49147596161953616 0.0
0.49339262384416355 0.5336853138679737
0.49029949956304697 0.0
0.4868736850937458 0.0
0.4896882520084413 0.0
0.487186139641943 0.5403898604827277
0.48607969895853914 0.0
0.48673051245851845 0.0
0.4841044308003297 0.0
0.4774393108225965 0.5295334627730534
0.49004047167055803 0.0
0.4855282173193381 0.0
0.482116498766243 0.0
0.4909091103769308 0.5436411175563209
0.48195016509748906 0.0
0.4854270433799149 0.0
0.47489848779944194 0.0
0.47942347377210526 0.534007923859927
0.47470616770408575 0.0
0.47212331131069296 0.0
0.46516856905219334 0.0
0.467062991210034 0.5215412110634519
0.47385115448791054 0.0
0.4669349147883096 0.0
0.46318023319300067 0.0
0.46338074103133853 0.5331803969405448
0.4717446838046765 0.0
0.464201737974567 0.0
0.4592760131381902 0.0
0.47411372536336427 0.5350537253135882
0.4684480857830013 0.0
0.45817788154550154 0.0
0.4580018927754855 0.0
0.46246173402318275 0.5262557636724607
0.4568407059445502 0.0
0.46701250691004564 0.0
0.45903124015655394 0.0
0.4521661022187795 0.524442866892898
0.4636401322738574 0.0
0.45353714554266095 0.0
0.4468314915264199 0.0
0.45420896361811225 0.5315753169031135
0.4498235025748426 0.0
0.4492166725939939 0.0
0.4583271968242907 0.0
0.45546260926113186 0.5560524289588095
0.46263943051720563 0.0
0.4461574236426935 0.0
0.45605179750233393 0.0
0.4511892844305012 0.5499952084159204
0.4489686331504202 0.0
0.45122900043838615 0.0
0.46338836685990303 0.0
0.44297244040988804 0.5229766779510384
0.46065818475250075 0.0
0.44533514530760626 0.0
0.43600331537709797 0.0
0.4429021506055536 0.5144146861877067
0.43657761279006774 0.0
0.4385523417522147 0.0
0.4511879876054617 0.0
0.4598851506510677 0.5320491680483358
0.44729294511071616 0.0
0.43994975874039377 0.0
0.43366101862637324 0.0
0.44210211359098334 0.5441748086525644
0.43512787575731693 0.0
0.4397341698765111 0.0
0.44261398596898105 0.0
0.4337079608526144 0.5102182432424384
0.43403329048237393 0.0
0.42851196523962226 0.0
0.42919478843581005 0.0
0.4399504153295588 0.519416397794064
0.4299128527199767 0.0
0.4333221952637654 0.0
0.4589720410008677 0.0
0.43947619873507054 0.5312447424796751
0.4314281494401679 0.0
0.4406069400481577 0.0
0.43065436127823353 0.0
0.4231917564156626 0.5195924518360439
0.42494371102783657 0.0
0.4263110895425041 0.0
0.4293367612565504 0.0
0.431302530753689 0.5201762666285707
0.42785169603702156 0.0
0.4271574997082337 0.0
0.427380228508098 0.0
0.4267546915075502 0.51453523442602
0.4158520103241768 0.0
0.42401735382249156 0.0
0.42075453878854185 0.0
0.4184542675305399 0.5227673473230017
0.42169694707054634 0.0
0.4189954158993385 0.0
0.4225341463786034 0.0
0.41134259395021044 0.5148410232078109
0.4220251111421257 0.0
0.4148324587195892 0.0
0.41544298549759145 0.0
0.40929235626991267 0.511098426300646
0.4118632093197752 0.0
0.4115171941130611 0.0
0.421000148724464 0.0
0.41677648037687365 0.5215531244858088
0.4147845771671626 0.0
0.4274642176006821 0.0
0.4221699378810177 0.0
0.4244413759946051 0.5243055009764699
0.40528850944712647 0.0
0.4075980451482294 0.0
0.4167013152011427 0.0
0.407299204250095 0.5044711043220145
0.405851966103714 0.0
0.40606519521279993 0.0
0.40880214553580135 0.0
0.4085303123217227 0.5122693698066084
0.40519501687096726 0.0
0.42192799008443144 0.0
0.4078760935539003 0.0
0.41685062231722836 0.5257611150131237
0.41158439285273474 0.0
0.4032762168997342 0.0
0.3998516862244891 0.0
0.4189071728967605 0.5136843432229551
0.41661165261870176 0.0
0.4137263550153387 0.0
0.4091579600371781 0.0
0.40524154013614216 0.5090895903681246
0.3968833077210754 0.0
0.39523279933988614 0.0
0.40288369312429434 0.0
0.3933518390350349 0.5101324133393909
0.41956220749698947 0.0
0.4082670869954753 0.0
0.41145182490231236 0.0
0.3929822159919009 0.502736714260584
0.391221629247576 0.0
0.412047297335563 0.0
0.4205832184946102 0.0
0.4171656339608536 0.5107581533996303
0.39422676801937917 0.0
0.39274521685057595 0.0
0.3917648431457269 0.0
0.3920830273540474 0.5048425484692872
0.4003726013592897 0.0
0.3897910982135799 0.0
0.39801578923509057 0.0
0.40310429597517017 0.5228361171796604
0.40932702160100554 0.0
0.4123724006407289 0.0
0.3922043797196432 0.0
0.42413525937372404 0.5105571995911949
0.4032861675744487 0.0
0.392967365890022 0.0
0.3953343761557923 0.0
0.39484723744175027 0.49654237304887044
0.39289740119486877 0.0
0.38640738041670364 0.0
0.38965289489567606 0.0
0.3983101168999222 0.5066661525933372
0.38995114730602165 0.0
0.3910633836556075 0.0
0.39092511004010444 0.0
0.3881952805301348 0.5049069793052763
0.38575529706866335 0.0
0.39028419699721906 0.0
0.3906460362873578 0.0
0.39332397297841676 0.5014484041930978
0.3893822451000871 0.0
0.3831627909891734 0.0
0.39369872436746745 0.0
0.3832284711918902 0.4937342857322852
0.38547261133529154 0.0
0.38813227245870424 0.0
0.39345732759193286 0.0
0.38483742048933867 0.49877863917071674
0.38107678877704043 0.0
0.37642974716636374 0.0
0.3771264896990068 0.0
0.38849616467793263 0.4930211524799807
0.38639000475169344 0.0
0.3878055401495688 0.0
0.3767701959132195 0.0
0.38105369742737555 0.5033832527866682
0.37413214229837644 0.0
0.3781609787651229 0.0
0.3790591503338885 0.0
0.37335458792734416 0.49654789930163734
0.38067498611740275 0.0
0.37619924272428246 0.0
0.37752162541806217 0.0
0.38083134510870237 0.4997396082246134
0.3707876353712716 0.0
0.36997456528821565 0.0
0.38166732822537697 0.0
0.3668692012426887 0.4919636046680833
0.36815155487670587 0.0
0.3799404920805166 0.0
0.37448937092019613 0.0
0.36444028878784557 0.4932537784364026
0.36541451390548274 0.0
0.3687478937173754 0.0
0.3726977877189342 0.0
0.36360132110755555 0.5061556278087628
0.3935430365037612 0.0
0.3699624352741504 0.0
0.3709467018106084 0.0
0.36411505952130147 0.4960097404896387
0.3626114858819923 0.0
0.3679436302621243 0.0
0.372679906690011 0.0
0.37047606962141466 0.4891630336915214
0.36656714346408875 0.0
0.36068789676151325 0.0
0.36640530453948345 0.0
0.3763446229387508 0.4975176329519049
0.3752986182512972 0.0
0.36048613839526095 0.0
0.3622942534741082 0.0
0.365212013080247 0.4954356134101325
0.36551946966326004 0.0
0.36161973059322877 0.0
0.36073418133850627 0.0
0.3568965841954621 0.4897571168611729
0.3637238663038981 0.0
0.3677044738577342 0.0
0.3678089217916983 0.0
0.35745543778850986 0.4870849361269577
0.3575418735078153 0.0
0.35393751426309755 0.0
0.3551912337836389 0.0
0.35595686738019605 0.48841210682465813
0.3651785248980141 0.0
0.3877382627857595 0.0
0.37248374818105623 0.0
0.3615652480490826 0.4986030279842629
0.3671943228473257 0.0
0.3594116296448493 0.0
0.35759932829151203 0.0
0.3611941872491071 0.4959705022468833
0.36773865244046966 0.0
0.36236953720493226 0.0
0.35161619048748854 0.0
0.3562132806635001 0.5048295057182767
0.3628064269474289 0.0
0.3542484194058879 0.0
0.34969073802251655 0.0
0.3571661107537566 0.4965433959034798
0.3457823287621248 0.0
0.3434361791368376 0.0
0.3679574641240332 0.0
0.34732716727344604 0.48554486041828804
0.3502495529435216 0.0
0.3477806979332761 0.0
0.34966005564277336 0.0
0.3460322030088857 0.4925624440152848
0.349673801666022 0.0
0.3595044535424381 0.0
0.3560015758067821 0.0
0.35052842468054246 0.49702953481633083
0.34972124409069594 0.0
0.3528309753068527 0.0
0.3516712717801176 0.0
0.3554361511939878 0.514180031068973
0.36864442722334084 0.0
0.35146529835477885 0.0
0.3425254761529674 0.0
0.3512148295133735 0.5010383848597006
0.37177865575504293 0.0
0.3497931307252622 0.0
0.36801421475831636 0.0
0.34926751018253127 0.48149790555903493
0.3427845842988897 0.0
0.34215123713837736 0.0
0.3388937878131116 0.0
0.3580487195653511 0.5015517350702371
0.35000485730845315 0.0
0.34533230182133756 0.0
0.3432934952484848 0.0
0.34402422914298053 0.4847394567307543
0.35432680361092955 0.0
0.34810920990921546 0.0
0.34097685312745346 0.0
0.3476885025408367 0.48996179761418013
0.3433278056594481 0.0
0.3411196907439465 0.0
0.33999084052947165 0.0
0.33558929589320263 0.4877523002892886
0.33814928080668644 0.0
0.33797460353656855 0.0
0.3436906904293444 0.0
0.33611639485891825 0.48534731172661283
0.3389230697902361 0.0
0.33640949831066275 0.0
0.34702026816772646 0.0
0.3365854043525366 0.4905468767982965
0.33576503805721397 0.0
0.3355878498851914 0.0
0.336013415353069 0.0
0.3401636079514583 0.483832659121888
0.34042321481859955 0.0
0.33052990823188283 0.0
0.33525932843218026 0.0
0.336793517708996 0.484214528543314
0.3360609163533782 0.0
0.3288826771690626 0.0
0.33051824390706686 0.0
0.32930910576475503 0.4774661120839892
0.33149400818659597 0.0
0.33232623871742306 0.0
0.33258855830892053 0.0
0.33739021875702124 0.48076577367163187
0.3416984599307548 0.0
0.33897516971774916 0.0
0.33202012376656 0.0
0.33369376477844526 0.48348835509965854
0.3365427372335944 0.0
0.33877745168515006 0.0
0.328111650183996 0.0
0.33273338603221836 0.4849471546784797
0.3309052179096917 0.0
0.3347289133473474 0.0
0.32960393119940473 0.0
0.3280053930953169 0.4799297376116232
0.3233529526896919 0.0
0.3285215855238019 0.0
0.33656122009933637 0.0
0.3309584837245952 0.4747057937201006
0.3266024422516806 0.0
0.328547124894687 0.0
0.3284808623215862 0.0
0.32616080139687353 0.48430761308452996
0.3275914269764062 0.0
0.3263867393495016 0.0
0.3238155785213447 0.0
0.32477650160535954 0.4731091493145995
0.32379522882416867 0.0
0.3229513912629636 0.0
0.33071053011142054 0.0
0.3321055041253376 0.47930371137374345
0.3270456169588645 0.0
0.3262123805724365 0.0
0.33149050878180764 0.0
0.3185715680821594 0.479878994309758
0.3249999806743396 0.0
0.32972478914456227 0.0
0.32477957906607935 0.0
0.31996665603916724 0.4758758807541152
0.3239489369113166 0.0
0.3214959886893555 0.0
0.315121170052826 0.0
0.3181141927706455 0.4784163748128065
0.32304654559587986 0.0
0.3266572468945962 0.0
0.3213330654981325 0.0
0.3279113478016652 0.48719330952418377
0.3298810865087171 0.0
0.32290718889427594 0.0
0.31914536578837277 0.0
0.3170609331946684 0.4723536742351155
0.3178381248405231 0.0
0.3219168468813651 0.0
0.3144630314705904 0.0
0.31515810093362173 0.4724047161144769
0.31293947125507887 0.0
0.3275093711174773 0.0
0.3296619577140631 0.0
0.3167820397959205 0.47890141411559783
0.314143387130836 0.0
0.3222571695779074 0.0
0.3211788760936776 0.0
0.31973130001829664 0.4767921974506484
0.31334241183229083 0.0
0.3132252029455281 0.0
0.3236834508316124 0.0
0.32577044401611915 0.48153632514314576
0.314452128663469 0.0
0.3184731004527494 0.0
0.3129203617000117 0.0
0.30798131696955516 0.4710436795007632
0.31382336332522975 0.0
0.31390715181430984 0.0
0.31233769364661096 0.0
0.31213637725747617 0.47368258296950283
0.3192213686118176 0.0
0.3081980937769509 0.0
0.30899130917133716 0.0
0.31237715962752205 0.4693542748503077
0.3138014233240597 0.0
0.3080693823210461 0.0
0.30843987071219015 0.0
0.3093701862914386 0.4789857518666764
0.31100509784564645 0.0
0.3047822483269925 0.0
0.30707706277670654 0.0
0.3081538707238788 0.47340173454027334
0.3082226187919476 0.0
0.3073213919820809 0.0
0.30795768936511553 0.0
0.30837664866045394 0.47359786096976647
0.30771476823084903 0.0
0.30480541235272807 0.0
0.30545887603070004 0.0
0.3082651091689302 0.4709167100516877
0.3108200220085341 0.0
0.3150167664846421 0.0
0.31458680971884767 0.0
0.31864167273023736 0.47935239014901565
0.3090266252367027 0.0
0.3025932122317051 0.0
0.3010577125862599 0.0
0.3063190116295276 0.47802022895544793
0.31088310863417595 0.0
0.30788280309911215 0.0
0.3058166180245101 0.0
0.30537524471505423 0.47434400153434586
0.3032241042220823 0.0
0.3164011225932483 0.0
0.30493988657568843 0.0
0.31098864853517794 0.47031842454556155
0.3069870015526757 0.0
0.3027125938147812 0.0
0.3054879262763725 0.0
0.3000426814021578 0.46833961335361896
0.3041828090350305 0.0
0.30995314234334365 0.0
0.31391603569236 0.0
0.30650246988537394 0.47334218126352984
0.3008579424891101 0.0
0.3042953504884113 0.0
0.31616885391170074 0.0
0.3085516407158553 0.47093970049550926
0.3057506169387398 0.0
0.3061790491287131 0.0
0.3045906735770029 0.0
0.3006727696645171 0.4684677382679574
0.3081522370766609 0.0
0.3075521829980704 0.0
0.3044610558989945 0.0
0.29691410501071025 0.46933471885900757
0.29826382721522954 0.0
0.3008702618806705 0.0
0.3069567897405041 0.0
0.3014259194619895 0.47352558515729154
0.29941867126829536 0.0
0.2969617991672168 0.0
0.30269810362073124 0.0
0.30019217701095335 0.47196978362346026
0.29898001539322844 0.0
0.3007782172384573 0.0
0.29650534006612256 0.0
0.29896727021358416 0.4748661893040805
0.2965262719658227 0.0
0.2978914415021662 0.0
0.295354714151657 0.0
0.2954568436733724 0.4742453059753201
0.30196401446891963 0.0
0.30168255391550297 0.0
0.2994675582031854 0.0
0.2966730791226102 0.4668700357508976
0.30167563983108936 0.0
0.2914494196131116 0.0
0.2898320968102722 0.0
0.2923389746343724 0.46441530939962017
0.30234057495017336 0.0
0.29531244648826965 0.0
0.3084841401240748 0.0
0.307081409790529 0.4692874435885617
0.29253491228343037 0.0
0.2950861112729881 0.0
0.3040062316869312 0.0
0.30509000845414874 0.4709421229815871
0.29484711569809313 0.0
0.29206017400586587 0.0
0.29045343082014174 0.0
0.29316421170774115 0.46629338804688025
0.3004712647512837 0.0
0.2992735489971463 0.0
0.29615759799037056 0.0
0.2954433117254133 0.47042857942780897
0.2945857222547657 0.0
0.29457836051350383 0.0
0.28970564983920427 0.0
0.2949517820554237 0.4758235903161113
0.2959647434966556 0.0
0.2935199851300372 0.0
0.29323323595798706 0.0
0.2982311156915157 0.4718161593944752
0.29479229647155764 0.0
0.29008844905607534 0.0
0.2903362645194428 0.0
0.28943584514112713 0.46746926199615124
0.28864652588183143 0.0
0.2868015165428792 0.0
0.2907070963536263 0.0
0.29373046163247846 0.4666938742000149
0.29381428025401546 0.0
0.29128845278213283 0.0
0.29008179216920443 0.0
0.28848474736311813 0.4683484411832548
0.28640329311049456 0.0
0.29889754890134923 0.0
0.2915955055640007 0.0
0.29190355604098867 0.4728302752222574
0.29018248702619553 0.0
0.284370661691963 0.0
0.2835302590792543 0.0
0.28498768437121214 0.4647866234658215
0.2882991081356191 0.0
0.2899958955129012 0.0
0.2859012682686378 0.0
0.2811591195724003 0.46162815546162755
0.2820926935624718 0.0
0.286195167230943 0.0
0.2871832877276712 0.0
0.2819704316863913 0.4627215257000931
0.28310955015716366 0.0
0.2815965021625683 0.0
0.28228746661208953 0.0
0.28299150479168567 0.47040723705118503
0.28104682631695527 0.0
0.2799651173060967 0.0
0.27963194818208326 0.0
0.28025819590791706 0.46213920948397197
0.2811780770183015 0.0
0.2827836645821901 0.0
0.27781208701526766 0.0
0.2835480009962526 0.46509261662842943
0.2810687605308198 0.0
0.2842274127487283 0.0
0.28353411773966547 0.0
0.28345272962509915 0.46482908233774295
0.27511956567425633 0.0
0.2749793522436372 0.0
0.27934446362902393 0.0
0.28619052506086445 0.4695379451744064
0.2819038140980662 0.0
0.27538819375554413 0.0
0.2760083202682507 0.0
0.2795954397402993 0.4624388059683232
0.27842915954364245 0.0
0.28272722561723246 0.0
0.28010358954031234 0.0
0.2800127806843935 0.46803043611680756
0.28433157739966114 0.0
0.2857483423942971 0.0
0.2830463217630647 0.0
0.2852092650396321 0.4608247382066354
0.2814089528038199 0.0
0.276022880957123 0.0
0.27551244588493307 0.0
0.2792194146133458 0.463127514643155
0.27587467799364523 0.0
0.2793129973793381 0.0
0.2798285341306155 0.0
0.2766613744055163 0.4598015097888357
0.2746609591536529 0.0
0.27206005493347435 0.0
0.2749608916548029 0.0
0.27573100957547636 0.4619987744324393
0.279384824230179 0.0
0.2776396697374276 0.0
0.2742890613027529 0.0
0.27275911101535666 0.45844628491074835
0.27477480294108864 0.0
0.27949771810320495 0.0
0.2782729816145477 0.0
0.27406697804882346 0.46645486407383374
0.27823718630553534 0.0
0.2779540990026153 0.0
0.26940955002573036 0.0
0.27323801025186095 0.46273102150313256
0.27640506800198816 0.0
0.275297239242725 0.0
