0.029306487668191526 15.98255725305853 15.90073440160444 0.028318076427655364 13.605410651039934 4.6346750998065875
0.028987147100964516 13.827834135434017 15.041979577670267 0.0 0.0 0.0
0.028938766580132058 12.823215334396943 15.469135049521432 0.0 0.0 0.0
0.028497917265222654 12.160292705844949 15.829535763890352 0.0 0.0 0.0
0.027997204673327777 11.884552285278632 16.16574858983801 0.02699127358251906 11.421976493457578 4.014120804724071
0.027542047651656895 11.689214025488502 16.152442725868912 0.0 0.0 0.0
0.026669369161532216 11.343387995347872 16.73764374196637 0.0 0.0 0.0
0.026261316229981794 11.123925266631389 16.040626955682505 0.0 0.0 0.0
0.025869792385010262 10.985146675501783 15.864391351703125 0.025032242469173075 11.187474313365495 3.598715894042841
0.025591048537420873 10.903671404545351 16.471587718594467 0.0 0.0 0.0
0.024951881411639096 10.785276574289503 15.69755958698614 0.0 0.0 0.0
0.024471843559101862 10.635756139454505 16.18319659605532 0.0 0.0 0.0
0.023951213691004374 10.562060977979112 16.279229178742707 0.02258282438588619 10.216411065525438 3.226019777012107
0.023621644632526088 10.474546071319518 15.733286424557399 0.0 0.0 0.0
0.023189979940024228 10.386778976564225 15.720480152254563 0.0 0.0 0.0
0.022857988952244196 10.317444334194256 15.631373020337788 0.0 0.0 0.0
0.022601721103297726 10.26543853501873 15.5500776722956 0.02149576392768024 10.13084796179001 3.313199193280612
0.022370183966196885 10.18709065376977 15.739837437230483 0.0 0.0 0.0
0.02230088817758439 10.135115007460536 15.431422280680156 0.0 0.0 0.0
0.022107642467176256 10.068286911586178 15.933867837475464 0.0 0.0 0.0
0.021985207711878296 10.066307218743223 15.642583652713984 0.02180147530048478 9.886018979234361 3.226190286057964
0.021947354155648552 9.991763514917869 15.635356868665657 0.0 0.0 0.0
0.021590487193673385 9.93103049888233 16.1263967280382 0.0 0.0 0.0
0.021597281919617847 9.891192786023424 15.66181536202425 0.0 0.0 0.0
0.02142389891971142 9.867085439330868 15.747207994672369 0.021031812753277628 9.633718472747573 2.9883169031042085
0.021278823198695767 9.829087299728847 15.673768676454932 0.0 0.0 0.0
0.021480026156712812 9.821153451484562 15.697014678258242 0.0 0.0 0.0
0.02104157881246275 9.74274063566726 16.097671895712654 0.0 0.0 0.0
0.021239848018638596 9.731081697108646 16.210138459563336 0.02098556547452957 9.550393886550783 2.993856053848104
0.020781172413947058 9.655969013443675 15.972083371599517 0.0 0.0 0.0
0.02086764949307089 9.645851974549966 16.03686014141332 0.0 0.0 0.0
0.020809045357287514 9.553116238764426 15.525209171234415 0.0 0.0 0.0
0.02066099796762349 9.550224014127693 15.749527908113455 0.020162094510329052 9.475921333209122 2.8711013982794222
0.020632243683982133 9.510099879917005 15.834266649259085 0.0 0.0 0.0
0.020625628138737872 9.4905187356556 15.925711881679712 0.0 0.0 0.0
0.020367006956675756 9.445276679167492 15.974585139714103 0.0 0.0 0.0
0.020286247931434968 9.367875342769908 15.770527339986756 0.01988532320070233 9.31588751270429 2.8906263390099802
0.020356866282482778 9.39803460994513 16.313006720674785 0.0 0.0 0.0
0.020040285268914885 9.281554006003228 15.665771664863737 0.0 0.0 0.0
0.020136901792423334 9.310018985796283 16.053554799619913 0.0 0.0 0.0
0.01994522214326922 9.233491857773236 15.727624324957112 0.01963649017321295 9.213602224966442 2.720551313510794
0.01981700175114737 9.273156222470021 15.960608511296227 0.0 0.0 0.0
0.019711820772690094 9.1668563488098 15.93561115186473 0.0 0.0 0.0
0.019709630080810094 9.169499440563365 15.749426605888726 0.0 0.0 0.0
0.019720423944506602 9.12017073770273 16.04932611609014 0.019568022931697068 9.119005218990825 2.735644562049598
0.019659660231294056 9.116978028995634 16.22154757640124 0.0 0.0 0.0
0.01944871607438434 9.034504819542267 16.042507410208234 0.0 0.0 0.0
0.019306191386948626 9.0692112633655 15.810586620254936 0.0 0.0 0.0
0.01937261421529343 9.091134675573741 15.828668231176207 0.019794933072366946 8.82490086378225 2.542144717690014
0.019127777758221293 9.026779979233957 15.953549273296565 0.0 0.0 0.0
0.019076319416684268 8.987065024902144 16.000616457195637 0.0 0.0 0.0
0.019089096088196124 8.959405329053869 15.928531778092898 0.0 0.0 0.0
0.01903502645370805 8.952219579011786 16.250149686289 0.019294087435940837 9.235214255773359 2.9005814370733107
0.019112149745724685 8.975790711483487 15.898856921369187 0.0 0.0 0.0
0.01897152932704036 8.942756255941044 16.12235346561709 0.0 0.0 0.0
0.018742457475849628 8.897553332999097 16.048904183625233 0.0 0.0 0.0
0.018786971691044863 8.921137904151362 16.01537067920846 0.018988181495916964 8.81234748518974 2.5460137945436823
0.01877820011750128 8.890769418472004 16.172938238196938 0.0 0.0 0.0
0.018638792693127324 8.871663996158109 16.287275163900258 0.0 0.0 0.0
0.018391541045709912 8.798103325953218 16.005652804784386 0.0 0.0 0.0
0.01843757932961771 8.813002925414471 16.066520943940635 0.019181482156134945 8.76665452191348 2.632423404847977
0.018369812356932677 8.87148031016543 15.775234044525773 0.0 0.0 0.0
0.018222328083401355 8.765050807419437 15.958064244521118 0.0 0.0 0.0
0.018366189756276796 8.792025812956114 15.884352483410723 0.0 0.0 0.0
0.018305961923120187 8.798171478477832 16.169736168582105 0.019792171547703234 8.965361030464814 2.7964240754904273
0.018124219296851478 8.727353373935328 16.05219329616436 0.0 0.0 0.0
0.01821549631964717 8.83755752357258 15.8761774443322 0.0 0.0 0.0
0.01823282079392117 8.724677899230114 15.932253564256131 0.0 0.0 0.0
0.017963150255197517 8.771238855320473 15.591765837845749 0.018862634524847224 8.735007333983054 2.5959464446918297
0.018001969886722567 8.681534926132565 16.136211976686493 0.0 0.0 0.0
0.01771071001476037 8.66884240057889 15.780382392658717 0.0 0.0 0.0
0.017875616503989947 8.694553911102624 16.52439769159943 0.0 0.0 0.0
0.01778625545980104 8.671759530750677 16.163224920629823 0.01873699249165425 8.648133274265186 2.5464642360222696
0.01759130016420585 8.684704640022137 15.881342182319747 0.0 0.0 0.0
0.01788529854690331 8.693593455505422 15.662113146050663 0.0 0.0 0.0
0.017555565958341818 8.64357025615724 15.901843974637906 0.0 0.0 0.0
0.017748687522810152 8.673102993623164 15.901421255464777 0.018483705236333834 8.495479975486672 2.4338573684050746
0.017359131532838214 8.618034366571926 16.21143492395112 0.0 0.0 0.0
0.017360366812655764 8.595010080722735 15.982614693078162 0.0 0.0 0.0
0.017360725371897538 8.630934818746953 16.10479107681692 0.0 0.0 0.0
0.01729333059698655 8.627400162773295 16.208925487256437 0.017968801710298715 8.51039393331292 2.583806485549809
0.01721577674561461 8.57938478943522 16.38626115669276 0.0 0.0 0.0
0.017306129434199825 8.621847527240012 15.767688774104338 0.0 0.0 0.0
0.017208786320323834 8.625563746925792 15.729166688995383 0.0 0.0 0.0
0.017031294023341425 8.52283475892425 15.734928331617985 0.018166118465430852 8.498612384395933 2.406962129681668
0.016975136634302935 8.542476177623334 16.015596664915375 0.0 0.0 0.0
0.016734827886594524 8.427847222316386 16.23573577678633 0.0 0.0 0.0
0.01675286459703523 8.498545957502007 16.416730647312384 0.0 0.0 0.0
0.01673044336313246 8.541466534652255 15.893401530592875 0.018325578168306784 8.65968000025595 2.636595290437229
0.016707271666656656 8.475015690741179 16.02466051134301 0.0 0.0 0.0
0.0167685317291544 8.614009594127753 15.928537832188006 0.0 0.0 0.0
0.017010054244801256 8.679974512167037 15.966629040503848 0.0 0.0 0.0
0.016543208284107998 8.472003688717825 16.162277276817914 0.01804259504030021 8.211396007639246 2.3251013670731533
0.016436297608821305 8.42865763455021 15.848005490995215 0.0 0.0 0.0
0.016463460865500202 8.440623334018015 15.763287220641955 0.0 0.0 0.0
0.016332903753167205 8.407937090627087 15.945258052626434 0.0 0.0 0.0
0.01627601994110354 8.482655081286968 15.856176798720693 0.018201356403096936 8.326433179452048 2.182439960841265
0.01634385782144926 8.514907307085297 16.0045828176965 0.0 0.0 0.0
0.01621403254009055 8.431495680280037 16.145954782038167 0.0 0.0 0.0
0.01599873230357733 8.51166102033963 15.904005559787441 0.0 0.0 0.0
0.016202887824924118 8.463340664555291 15.947502469922101 0.018097628982235752 8.444841438798642 2.4634048489848204
0.01612728552475746 8.43801688646424 16.01842775197461 0.0 0.0 0.0
0.015936873720996954 8.442306148430276 16.007233557790403 0.0 0.0 0.0
0.015850636099757908 8.373425139693719 15.594728964452411 0.0 0.0 0.0
0.01601328738967023 8.444457682462827 15.928476512559778 0.01837720619242032 8.25716594034324 2.254670704364674
0.01609110195518617 8.416327663930426 16.46849793805851 0.0 0.0 0.0
0.015701334406655602 8.399253127835218 15.978625295421441 0.0 0.0 0.0
0.015454020950169116 8.400353887504703 15.715881846032545 0.0 0.0 0.0
0.01566259098283123 8.377782260759522 16.062500192729413 0.018293612063124666 8.492956174087231 2.5829070723310164
0.01550842136605344 8.283585180697118 16.234473441103617 0.0 0.0 0.0
0.015474072953911388 8.388818178244433 16.265104650571352 0.0 0.0 0.0
0.015318592812630163 8.283971121259325 15.988995773991103 0.0 0.0 0.0
0.015547499798244508 8.414351758084686 15.98813264247893 0.018182308789317883 8.356908718721822 2.386153295940272
0.015673156596139205 8.323730571462855 15.669462538159276 0.0 0.0 0.0
0.015147874772729985 8.226122092189616 15.981250358602239 0.0 0.0 0.0
0.015203953606451995 8.259234022071428 15.994380935846198 0.0 0.0 0.0
0.015314218148693767 8.305853407920047 15.775272575334395 0.017681149384457574 8.23989861286432 2.3883041164433148
0.015088359938178001 8.257541290465307 16.014026120088978 0.0 0.0 0.0
0.015066583549889495 8.230482149181132 15.833013641482463 0.0 0.0 0.0
0.015059564686272259 8.304496911204394 16.362055599646936 0.0 0.0 0.0
0.014990133509818801 8.279846874613758 15.809709160367222 0.017999833979912373 8.302832522784682 2.390521813464978
0.015021046731121767 8.320552820666132 15.32900538757312 0.0 0.0 0.0
0.01481305931374546 8.233228811128136 16.054859093633137 0.0 0.0 0.0
0.014667321752955523 8.184446995712728 16.24160313243109 0.0 0.0 0.0
0.015205508547146794 8.354634910358765 15.904739311540299 0.018512518478859732 8.42991249961484 2.341218249713009
0.014559063637950072 8.171557466781929 16.31831128691477 0.0 0.0 0.0
0.014567841197883456 8.22806355488389 15.89381758851862 0.0 0.0 0.0
0.014491308275235239 8.18310614000376 16.41268703526126 0.0 0.0 0.0
0.014920824578412565 8.464084906994698 15.83139564813402 0.01790174687816732 8.23376250432071 2.3601191512408595
0.01428051411458073 8.172741727288079 15.46817079233941 0.0 0.0 0.0
0.014221926990912723 8.106998670344725 16.053396232449316 0.0 0.0 0.0
0.014300768259464445 8.105065784548826 16.491929908115946 0.0 0.0 0.0
0.014184242866362988 8.192229617027124 15.847923905592575 0.017656613452053348 8.06191507100989 2.262305226748298
0.014184607621612975 8.108598917279433 15.849219329509799 0.0 0.0 0.0
0.013870920267140934 8.123836910464814 15.822003677068304 0.0 0.0 0.0
0.014000936688916802 8.150963345609414 16.252092905249153 0.0 0.0 0.0
0.013920346778907428 8.117228691007575 15.738302042287696 0.017806079941152842 8.194057837213215 2.372643554816512
0.013910352957205932 8.091058015756056 15.785552030145606 0.0 0.0 0.0
0.013962078409619234 8.086930171184436 16.09342947103691 0.0 0.0 0.0
0.013899075430817335 8.04155912825638 15.353269643114839 0.0 0.0 0.0
0.013611576877909391 7.962008676068537 15.626100453725469 0.01780890793133211 7.897777762342856 2.050897084211849
0.013993544461233425 8.165543715475348 15.828140772334352 0.0 0.0 0.0
0.013975512889512834 8.057920384577098 16.191699341044153 0.0 0.0 0.0
0.013688438529139355 8.061443102255529 15.753284977576579 0.0 0.0 0.0
0.013815197669234064 8.254992555055562 15.723704249598402 0.01841924614270522 8.04960876480021 2.1645543352059606
0.013634953441382634 8.077129979712671 15.926498573303668 0.0 0.0 0.0
0.013739509817188212 8.133010633961042 16.03434276213274 0.0 0.0 0.0
0.01345475142133257 7.951181564475077 15.653058874089009 0.0 0.0 0.0
0.013364656765989276 8.100694904433775 15.922172576362133 0.017892542605749486 7.9848712199592775 2.1938269116660263
0.013409990359396473 7.95595663367752 15.553954529892117 0.0 0.0 0.0
0.01317047691067211 7.9775633933576175 16.325365264057236 0.0 0.0 0.0
0.012935197359191212 7.869716867702181 15.855636673442433 0.0 0.0 0.0
0.013102254914082238 7.859525271234252 15.866551503639768 0.017500631209443045 7.794995643784717 1.8892964985340388
0.013251951791444191 7.997314410502684 15.699458232547041 0.0 0.0 0.0
0.01298747931749532 7.901779803350053 16.097898278503173 0.0 0.0 0.0
0.012826503404212373 7.854889959099734 16.057379478110757 0.0 0.0 0.0
0.012808081744066223 7.869389966288955 15.880996719458917 0.017652739014225212 8.045031750311413 2.186371134475015
0.013383786698543764 7.8927110506459774 15.879482222125178 0.0 0.0 0.0
0.012836073259511971 7.880767140327358 16.23143917836649 0.0 0.0 0.0
0.012637991967998828 7.815947614994759 15.762050460671672 0.0 0.0 0.0
0.013170022892729788 8.033551507449435 15.971833046690302 0.01773651657223259 8.070953864344911 2.2243148041000187
0.012948680490330355 7.955878737969201 16.461226428646025 0.0 0.0 0.0
0.012430462818631263 7.856685671736228 15.742476015547085 0.0 0.0 0.0
0.012529647758365958 7.823639988502514 16.22230117637984 0.0 0.0 0.0
0.012784819167389066 7.855643911604493 16.058332729352475 0.017556516109117484 7.900624309238295 2.0551828459955637
0.012500050882282388 7.802178039817393 16.058531230970914 0.0 0.0 0.0
0.0127717872390444 7.980536891676215 16.021436192924746 0.0 0.0 0.0
0.012456294797416348 7.871889950401871 16.36805564824439 0.0 0.0 0.0
0.012252364304116572 7.76287498750879 16.225344157247104 0.017647842600384052 7.816581946671237 2.0892861624007906
0.01249932281580778 7.981702578249149 15.786668206624494 0.0 0.0 0.0
0.0122925163385242 7.785403201554793 16.347055634935554 0.0 0.0 0.0
0.01212787405541062 7.663919381167336 16.41901899114881 0.0 0.0 0.0
0.012261088110323759 7.811958108466836 15.896649570124646 0.017753916683706704 7.970072228931247 2.1815490284007417
0.01211533965920791 7.751916533758872 16.52390593164612 0.0 0.0 0.0
0.012185789067583089 7.706854259693763 16.05036127943337 0.0 0.0 0.0
0.01233334277076333 7.902289642586221 15.581675756133178 0.0 0.0 0.0
0.012132549155704535 7.895267675188738 15.826264621585729 0.017955106415004005 8.565457658131624 2.3601821442859534
0.01241779343099393 7.985757830952936 16.015241718823226 0.0 0.0 0.0
0.01199317819712424 7.696244302722819 15.945377651569315 0.0 0.0 0.0
0.012213199474313884 7.88317247075449 16.34925996065016 0.0 0.0 0.0
0.012022700766692653 7.8174083387636 16.509420806477152 0.01798043117759105 8.392081651036076 2.2323622286747273
0.011943136185630265 7.78720763129902 16.30293084260771 0.0 0.0 0.0
0.011982916837348352 7.83144066669644 16.272741439527117 0.0 0.0 0.0
0.012504915193978963 7.983758678416258 15.458273838773044 0.0 0.0 0.0
0.011700862544932418 7.710372244630834 15.546935726770814 0.017450184603336374 7.8541340265472765 1.9829009641092825
0.012394552541064937 7.9500585541222 15.645194481424827 0.0 0.0 0.0
0.011663359967632967 7.786716263729421 16.05105804479493 0.0 0.0 0.0
0.011413341108539083 7.627652632204551 16.61101019474891 0.0 0.0 0.0
0.011709898595529976 7.711282253046817 16.410074786593203 0.01721887561399553 7.699245650729752 2.018086325842262
0.01137722670865263 7.652611424027629 16.066059331107084 0.0 0.0 0.0
0.01157742798086895 7.635837852668134 15.915448622341362 0.0 0.0 0.0
0.012088805238826116 7.794432499978741 16.051478414882496 0.0 0.0 0.0
0.011998780098603197 8.061541867711645 15.68568020750768 0.017996036798344668 7.900239371041296 1.945316062990051
0.011695822973872219 7.827978580832036 16.09186597708672 0.0 0.0 0.0
0.011453695449283286 7.720163010644048 16.18978422228802 0.0 0.0 0.0
0.011274416702081238 7.616055322038749 16.21706131686547 0.0 0.0 0.0
0.011528561070200876 7.749142454419585 15.799221971667416 0.018280774654196356 8.120618372329993 2.214126590331661
0.011366968704526656 7.618999480138284 15.94237152449718 0.0 0.0 0.0
0.011443576176831798 7.716271241586521 16.347220123334523 0.0 0.0 0.0
0.011477090444706002 7.782075795290389 16.084648792716056 0.0 0.0 0.0
0.011255696747073385 7.619385648374914 16.113111350117464 0.01739233706475415 7.522986869943104 1.8410974320534956
0.011223721073272762 7.64146627068726 16.579697211710933 0.0 0.0 0.0
0.01107395231527957 7.5457009933546875 16.03547197163524 0.0 0.0 0.0
0.011060669855256153 7.569433507929031 16.44899980815592 0.0 0.0 0.0
0.01135013680755768 7.755100351195222 15.914965912931164 0.01745609979023801 7.754503245877021 1.997623460033962
0.010940142263719517 7.6290230334358045 15.68178354531471 0.0 0.0 0.0
0.011299357141095933 7.597134879200957 16.229647683699554 0.0 0.0 0.0
0.01197334625213521 8.05049722102003 15.86919842143171 0.0 0.0 0.0
0.011252602426518587 7.7763788981758495 16.633089756883326 0.01763244640575491 7.997725451185778 1.8622307186359592
0.011004825425706022 7.647804732590553 16.14500940306118 0.0 0.0 0.0
0.011181381034685686 7.833398195970033 15.800102622709531 0.0 0.0 0.0
0.011012836471759362 7.623462591874693 16.353146610723204 0.0 0.0 0.0
0.010765556946152373 7.513846322491968 16.2482453859283 0.017456294234396773 7.762292809992377 2.076127190212209
0.010720016580318672 7.575880546357711 16.1807322821007 0.0 0.0 0.0
0.011011013659301957 7.509156816803765 16.046640576179705 0.0 0.0 0.0
0.010973929990631067 7.611581570558776 16.185693921083733 0.0 0.0 0.0
0.011183094746034097 7.587818993042518 16.418145764431536 0.017562269814119316 7.72789802667226 2.0640772664136082
0.010979268685898895 7.568889897856591 15.912140070828373 0.0 0.0 0.0
0.01086404200643482 7.582477345921322 16.030991777469893 0.0 0.0 0.0
0.010785219217509039 7.617945023551472 16.34323416129719 0.0 0.0 0.0
0.01090265819645234 7.56114023349311 16.15095155129136 0.017150782519478446 7.729898941123841 2.036698985570905
0.010451814059541324 7.429169725803949 16.055340876243385 0.0 0.0 0.0
0.010764469921905972 7.53558664739027 16.403385591907924 0.0 0.0 0.0
0.010656732292933508 7.486644612536077 15.851001785400015 0.0 0.0 0.0
0.010542670074582082 7.463066454166102 16.289773409239096 0.01725934213892968 7.906553865707481 2.1403374833430346
0.01067815599661896 7.505654368949832 16.154937904031254 0.0 0.0 0.0
0.01051185129431129 7.491878200079461 16.177594382879974 0.0 0.0 0.0
0.010821111035369157 7.481144598915126 15.78088772754506 0.0 0.0 0.0
0.010251567447359255 7.376986622955242 15.805745972452645 0.017418004615363403 7.640248985633472 1.9988913679964821
0.01059923377878994 7.54169998679695 16.29074129400266 0.0 0.0 0.0
0.01037945667494122 7.425366259391478 16.24074059143021 0.0 0.0 0.0
0.010393090745973275 7.437132981605157 15.801310996887679 0.0 0.0 0.0
0.010281724788029212 7.312425231449461 15.822991640550185 0.017200690808608768 7.615298394919556 1.9767356652286605
0.010429324507628002 7.3309299125028025 16.096956459424163 0.0 0.0 0.0
0.010225185206244993 7.388410662441095 16.010320623582768 0.0 0.0 0.0
0.010497123025301138 7.547657093351693 15.890640065608952 0.0 0.0 0.0
0.010458213716958743 7.451375227836808 16.524513126538725 0.017454554027869218 7.804729643412954 2.0077749454756324
0.010280074404057904 7.4610103631081675 16.195967861115207 0.0 0.0 0.0
0.01073864401384235 7.637321545452269 16.21718322817894 0.0 0.0 0.0
0.010473908709183051 7.590947976186602 15.883116455096841 0.0 0.0 0.0
0.010596172167866593 7.607863418781241 15.98639910617513 0.01731406440389132 7.929289478028127 1.9447716095393484
0.009945346579401399 7.325436351275188 16.349153280589647 0.0 0.0 0.0
0.0101708711347713 7.309332689182797 16.009717485491137 0.0 0.0 0.0
0.010368744671130341 7.480581243381304 15.767918863965583 0.0 0.0 0.0
0.01011492432760626 7.315139851336537 16.190886118027006 0.017080905304603204 7.492805769691765 1.8118564924190157
0.009929697380558376 7.343925013384389 16.12470621873612 0.0 0.0 0.0
0.010021970397133146 7.318156881205939 16.210868574018907 0.0 0.0 0.0
0.010165413117604404 7.341890488738374 16.147660778874993 0.0 0.0 0.0
0.010212245921367456 7.318627252555194 16.302962007598058 0.01708080071402548 7.690809594837206 1.8233702798628888
0.009955307497902365 7.319490450449048 15.813886567822317 0.0 0.0 0.0
0.010415163541805035 7.605114363322876 15.99982215935715 0.0 0.0 0.0
0.010003847672014886 7.3740105584019116 15.710936116200012 0.0 0.0 0.0
0.010134586505883867 7.567476829508932 16.04168240563954 0.01746900318182709 7.921312132049639 1.9800630496968168
0.010092947262529066 7.440418784887956 16.349241453539545 0.0 0.0 0.0
0.00986826445751333 7.297942228250489 16.13376363774551 0.0 0.0 0.0
0.009658433989181895 7.2804161295732515 16.017182168391255 0.0 0.0 0.0
0.01026167802112665 7.581463024292562 15.540576436250534 0.017036806669165915 7.7373288525077974 2.010547037344193
0.010335900413454686 7.493622147751635 16.385748280010777 0.0 0.0 0.0
0.010220950956902532 7.455151724458314 16.173299391070888 0.0 0.0 0.0
0.00992789544974163 7.435459384699082 15.94752397999558 0.0 0.0 0.0
0.010029868093467155 7.295022179911063 16.285516460174637 0.017087333478754508 7.601309140875038 2.067466920291408
0.009587970702773757 7.225337297348268 15.928516729379004 0.0 0.0 0.0
0.00957385475911603 7.1870670976053095 16.049982023173364 0.0 0.0 0.0
0.009751435664949551 7.330359344515695 16.283414186960844 0.0 0.0 0.0
0.009461296249881866 7.176999426602945 15.891879113293054 0.017252174637608954 7.571705312614426 1.775361960508054
0.01069106877099742 7.450934929036313 16.30115007976914 0.0 0.0 0.0
0.010109648610472172 7.350468427717959 15.855160463498036 0.0 0.0 0.0
0.00987685517580777 7.5147410619429635 16.45882791417864 0.0 0.0 0.0
0.009375459159763917 7.196925602959444 16.10282846613297 0.016902930091260693 7.496347000670632 1.8536737167204593
0.009457173840117784 7.1208910306387025 16.137659975783635 0.0 0.0 0.0
0.009867096453188435 7.533357418874639 16.19411822362868 0.0 0.0 0.0
0.010207279526043793 7.643192068943582 16.151493850452145 0.0 0.0 0.0
0.010031067085876174 7.613592774137481 16.013313108915856 0.01720279491893789 7.612497549690829 1.922459276092627
0.009475421683658142 7.193093509872377 15.821089215756203 0.0 0.0 0.0
0.009257340413989665 7.232719467287489 16.033999348932074 0.0 0.0 0.0
0.009351136356566498 7.1749505209545905 16.24278500129036 0.0 0.0 0.0
0.0095753183006585 7.103795157778112 16.39153601684738 0.01711047020780895 7.475898106770247 1.8146010253638358
0.009648160282738218 7.299690022158051 16.268890798952693 0.0 0.0 0.0
0.009324578749941755 7.128169224408308 15.693657262997936 0.0 0.0 0.0
0.009614465327716343 7.2475082075997594 16.062513685174224 0.0 0.0 0.0
0.009676339964946089 7.361566128556002 15.838055352476198 0.017097532080400633 7.979284376931194 2.021854102144257
0.009744982667116308 7.505647413361436 16.210497995703815 0.0 0.0 0.0
0.009833964718129275 7.554679263829394 16.3094367246854 0.0 0.0 0.0
0.00928143591035328 7.20972553278609 15.839810107838645 0.0 0.0 0.0
0.010224966993767005 7.733249673232644 16.264525498424025 0.01707653518884361 7.6476742058668945 1.8453260940509097
0.009601369896996764 7.39307666770546 16.50138673985387 0.0 0.0 0.0
0.009271125291665072 7.233478488533239 16.32800024363664 0.0 0.0 0.0
0.009498046859586532 7.21958211570871 15.699317768797416 0.0 0.0 0.0
0.009482625035572238 7.208693266948878 16.10146411449705 0.016875279644895793 7.344207202091605 1.7456540383070942
0.009296599554787599 7.224235298875806 16.083843494856776 0.0 0.0 0.0
0.009098659779954308 7.117783827928883 16.134452320839387 0.0 0.0 0.0
0.009209979133472787 7.166793665856877 16.186181317794677 0.0 0.0 0.0
0.009566930995583154 7.2736705031806 16.197521256458504 0.017054020735922163 7.551152638549046 1.8289285916983802
0.009270008372217198 7.1568241105128845 16.424681689419167 0.0 0.0 0.0
0.00929165065493469 7.1788449815241835 16.08344662351611 0.0 0.0 0.0
0.009276062891132406 7.176538128980687 16.036019354532076 0.0 0.0 0.0
0.00922920918894447 7.120642116221868 16.389481534041575 0.01714207914371971 7.469061889879838 1.8110801781688952
0.0092197370264235 7.058135942718578 16.181247772485175 0.0 0.0 0.0
0.009213048828862121 7.181862108748766 15.726532630257209 0.0 0.0 0.0
0.009312192353899573 7.162706026743249 15.915326255327328 0.0 0.0 0.0
0.009394619248542563 7.204184939292524 15.903793196986785 0.016794766960292126 7.509966550205218 1.8931534227267828
0.00933120290858766 7.118666226209756 15.94372754826735 0.0 0.0 0.0
0.009013488661399198 7.06340536421581 16.30915012792531 0.0 0.0 0.0
0.009305810861847386 7.241245693089939 15.77587658394705 0.0 0.0 0.0
0.009003735315885419 7.068614511610106 16.282737777217474 0.01678656838193296 7.292077720102651 1.7436768090901362
0.00896906933349809 7.140547912127291 16.105783829416207 0.0 0.0 0.0
0.00914097230416919 7.151867823858027 15.929770119131481 0.0 0.0 0.0
0.009318268657269141 7.232526690851343 15.845227280568063 0.0 0.0 0.0
0.009002567394216409 7.110865035952496 16.22264229679495 0.017086436261036203 7.331352632321274 1.753860645813744
0.00889310171169204 7.052076443197377 15.95474099517415 0.0 0.0 0.0
0.008818215863192655 6.952169288896557 15.648048506504578 0.0 0.0 0.0
0.008802432863108195 6.9762114138011135 16.149392400578147 0.0 0.0 0.0
0.009159054890251905 7.153356628586173 16.30514850522213 0.01671966588250391 7.302905539552058 1.8028918208003484
0.009053687727610428 7.134930704819291 16.386135652577494 0.0 0.0 0.0
0.009127339263210476 7.147923577965789 15.60094879683564 0.0 0.0 0.0
0.008754948015438161 6.985597185114666 15.922642607957028 0.0 0.0 0.0
0.009054952275156873 6.999857488101128 15.825811930351424 0.01698273755454759 7.484408820022114 1.8677029539761998
0.008749878759981941 6.914718296448184 16.366691612797947 0.0 0.0 0.0
0.008835580549235592 6.991503109017495 16.40472009569526 0.0 0.0 0.0
0.008756765994400928 7.044124300866998 16.136521155136347 0.0 0.0 0.0
0.008737206202672161 6.901780165378558 16.41091602094854 0.01686445328109054 7.342320869258994 1.7473152165839636
0.008921127324309427 7.030664730880031 15.871077393409061 0.0 0.0 0.0
0.008882467016053544 6.924096338756094 15.941283696186568 0.0 0.0 0.0
0.008780038092420605 6.994802241549353 16.05582370403743 0.0 0.0 0.0
0.008919876021787714 7.036665410116737 15.910324290132985 0.01679266452335444 7.4529829951419515 1.9061060531953653
0.008576705860129421 6.886643901305687 16.082004131181233 0.0 0.0 0.0
0.008532595808452987 6.880836193068405 16.404170597997 0.0 0.0 0.0
0.008774999467380194 7.106274771940759 16.105194857244577 0.0 0.0 0.0
0.008425387639208507 6.835111752364248 15.856473820623064 0.016695809397871693 7.280452281922227 1.7619344851199625
0.008485798544491446 6.848538990321845 16.011705639241217 0.0 0.0 0.0
0.008815528246661538 7.050459687199439 15.962377551757552 0.0 0.0 0.0
0.008703290418722998 6.9419846613063205 15.936367611065092 0.0 0.0 0.0
0.008444252071025102 6.764203104708788 16.20056249910777 0.016925861650040085 7.234364658393636 1.7122603185003136
0.008418095936005527 6.799118481808096 15.824163089551664 0.0 0.0 0.0
0.008412616973888735 6.890038019273161 16.024150757419626 0.0 0.0 0.0
0.008549873192114551 6.949481560571285 15.851462521573815 0.0 0.0 0.0
0.008344256809444265 6.775057846071802 16.19502088960025 0.016728210535886204 7.6542075464166395 2.0079874402444906
0.009107705603996371 7.31196869265932 16.021853086267026 0.0 0.0 0.0
0.00854177831309779 6.8791408653151365 15.72768751617357 0.0 0.0 0.0
0.008553718637395196 6.899564157461004 16.259805800013126 0.0 0.0 0.0
0.00836619135714093 6.7833782887929095 16.16517310178262 0.01686233328388214 7.334038062984873 1.7577079969045257
0.00824692962913152 6.784962536325648 16.319263553738494 0.0 0.0 0.0
0.008378556008761825 6.882242377512797 16.31972604344331 0.0 0.0 0.0
0.008523125086762366 6.956927889891977 16.374826540692535 0.0 0.0 0.0
0.008411188931015763 6.937189280740717 16.06900709772618 0.016568679244699312 7.253592155160053 1.7855578429016272
0.00848912574287415 6.806428459122752 15.810472915292642 0.0 0.0 0.0
0.008188143246478515 6.754858840584391 16.358496652622236 0.0 0.0 0.0
0.0083480467591675 6.851703860098019 16.059047748116512 0.0 0.0 0.0
0.008516965560489902 7.057327736460908 15.692217758139662 0.016854249985580633 7.377212800618297 1.787534389415654
0.008796485088610875 6.942443957658509 16.176283566944008 0.0 0.0 0.0
0.008171840954716235 6.7552694486051 16.40587463153851 0.0 0.0 0.0
0.00821500840019257 6.787678297060651 16.305481248442938 0.0 0.0 0.0
0.00826954055011663 6.847732569089148 16.085800417880595 0.01684183088476861 7.324999761520388 1.742690005341911
0.00845187503626167 6.79081385419438 16.293663848512747 0.0 0.0 0.0
0.00821619781784734 6.769669888227444 15.917634957213087 0.0 0.0 0.0
0.008240687199674914 6.735192590568335 16.11347744515936 0.0 0.0 0.0
0.008052899006335216 6.699999969185733 15.828360496964516 0.01657833486921079 7.2706479773194825 1.8655378017482862
0.008328738441085223 6.788199577593157 16.214598016409266 0.0 0.0 0.0
0.008474097644409696 6.843828403065171 16.646969536171298 0.0 0.0 0.0
0.008399846022137279 6.871346074091134 16.228056968316437 0.0 0.0 0.0
0.008080231002556426 6.706447667020016 15.469908556515719 0.01666905457629779 7.15996062130645 1.7073980424694124
0.008135424981535548 6.689573665841543 16.09061982607059 0.0 0.0 0.0
0.008046352120621384 6.623569331237389 16.111046132748207 0.0 0.0 0.0
0.008024221727374773 6.66610398808192 15.727654324440511 0.0 0.0 0.0
0.008091303960570385 6.6619096202925565 16.145080211761304 0.016609912655828226 7.221754151863769 1.7235478880063648
0.008239543285631035 6.857171652207139 16.528699833895065 0.0 0.0 0.0
0.008909978436955027 7.229013668055 16.07669286227828 0.0 0.0 0.0
0.008359760255041275 7.011370936350224 15.869726614476559 0.0 0.0 0.0
0.008075861688533872 6.817365267110405 15.762143038010645 0.016685704529729416 7.469166023846029 1.8543313442805036
0.008206092608186994 6.921740493748442 15.854097333396238 0.0 0.0 0.0
0.008066774473144928 6.764417592610839 16.316675472641215 0.0 0.0 0.0
0.00816172719160137 6.687459731649216 16.0578244922111 0.0 0.0 0.0
0.008115325007976149 6.7962493087807845 16.435721489063177 0.016689720361401924 7.395778630898332 1.8438359481470512
0.008231241318210788 6.927666891525936 16.4379863898218 0.0 0.0 0.0
0.008167766397335515 6.8070808977010655 16.150665530209682 0.0 0.0 0.0
0.007788712208330709 6.652871749339402 15.913532631577953 0.0 0.0 0.0
0.008012339973250536 6.698968739612844 15.753885646199345 0.016796903771836017 7.596083625391233 1.8953008154241984
0.00821275915891896 6.804997611178554 16.353018933098387 0.0 0.0 0.0
0.008005416027828867 6.648135162117843 15.755802995924437 0.0 0.0 0.0
0.0077894570331156834 6.6013323944099485 16.170640948107152 0.0 0.0 0.0
0.008033399356700003 6.7153598701889115 15.917092793473966 0.016702452315334616 7.404622480075193 1.9219161190115694
0.007721631215839592 6.521389969984725 16.073845176481 0.0 0.0 0.0
0.0076627949127234226 6.479293349319081 16.042262546055944 0.0 0.0 0.0
0.008293162695688017 6.913799367358821 16.561875300221075 0.0 0.0 0.0
0.007712858694209615 6.564428554717063 15.808026936457509 0.01659132453052665 7.153022011015075 1.614462085498723
0.007790219854871712 6.6157886696946395 16.243133358664625 0.0 0.0 0.0
0.007773605921080366 6.556584821320966 16.28317979948449 0.0 0.0 0.0
0.007769468005333213 6.607752736169308 15.786674308988035 0.0 0.0 0.0
0.007704855350110899 6.532917363997813 16.449769914697054 0.016548773488185748 7.357095754194198 1.828263644252651
0.0077925372350702415 6.60005341343078 15.935997122491193 0.0 0.0 0.0
0.00802073865511191 6.782147364912673 16.039282705279074 0.0 0.0 0.0
0.007976243688669636 6.7042402023905545 16.16958499994803 0.0 0.0 0.0
0.007829387213526962 6.610068281204001 16.01166694369361 0.016721115180747485 7.413774623949749 1.8700783877418972
0.007776547148598025 6.606334194199013 15.451504370678126 0.0 0.0 0.0
0.007846279755046297 6.6666395586674625 16.11144048568607 0.0 0.0 0.0
0.007824566693287025 6.64317772353898 16.268547335178283 0.0 0.0 0.0
0.007927099845923064 6.706717174976787 16.132234242261468 0.016934475822536908 7.799579994917021 1.967891461451213
0.008196086467191221 6.966529917274382 15.810803646219789 0.0 0.0 0.0
0.007691204743504783 6.684878839989584 15.836851518965824 0.0 0.0 0.0
0.007488024748309877 6.517031305161241 15.803254569728763 0.0 0.0 0.0
0.00781896632669931 6.631808654578493 15.914602623267738 0.01688255212455625 7.465088735978933 1.7430356757784697
0.00829349183628794 7.01654552259478 15.835350665961192 0.0 0.0 0.0
0.007649593079220919 6.653030979086572 16.054702675248375 0.0 0.0 0.0
0.0082000313088741 6.949087751492946 16.333679336177287 0.0 0.0 0.0
0.007647525906449073 6.640659170062844 16.10950433300375 0.01643855658473504 7.101169271042137 1.6195845347730193
0.007524918403851099 6.510763883232701 15.974237287268725 0.0 0.0 0.0
0.00750476223847993 6.500560178712269 16.42506888219237 0.0 0.0 0.0
0.007477079097406158 6.423959084402717 16.581576465575214 0.0 0.0 0.0
0.008018156827608751 6.745095720611827 16.007105878758107 0.016881536373085607 7.474886791143844 1.979330458406959
0.007790972014219687 6.611790870745092 16.004537632675415 0.0 0.0 0.0
0.007638494544892406 6.539249754461198 15.66454964787547 0.0 0.0 0.0
0.00754395825946444 6.517177904728329 15.85974593198544 0.0 0.0 0.0
0.0075492811592317655 6.536480547416347 16.143107861678832 0.016709203510601695 7.0930318053966195 1.5954408789076564
0.007877064805019957 6.695184915911633 16.021818238332294 0.0 0.0 0.0
0.007647569702807744 6.610279481150769 16.071256488378314 0.0 0.0 0.0
0.007455976165212689 6.488358092384107 15.808070692105131 0.0 0.0 0.0
0.00758875775710339 6.617800896677156 16.24997416526318 0.01663974741514732 7.258354809377441 1.7519501775910282
0.0075279023562369795 6.523790450455875 16.17558695513641 0.0 0.0 0.0
0.007453251887786938 6.490703222586752 16.376833088866537 0.0 0.0 0.0
0.007501730826396369 6.443392835612861 15.774363650461803 0.0 0.0 0.0
0.007381156857142329 6.369225311652118 15.808484371872993 0.016534450322305806 7.234966586540996 1.8277141023173171
0.007439350666239886 6.416752671593254 16.032069481805525 0.0 0.0 0.0
0.007429529120382395 6.415939731526443 16.4243259960085 0.0 0.0 0.0
0.00758923274524809 6.511488591195912 15.90824336473634 0.0 0.0 0.0
0.007451705838586131 6.359973667233838 15.80788247865091 0.016615342703366013 7.13440901081485 1.6460545690583712
0.007458952180093592 6.430716905832954 15.941565451356364 0.0 0.0 0.0
0.007399615627643539 6.385612741124686 16.1122300525289 0.0 0.0 0.0
0.007591951636697091 6.600051286504444 16.229623752361192 0.0 0.0 0.0
0.007428393625892183 6.381230994741737 15.890804653830715 0.01683556253255354 7.205667818010731 1.7331709688327566
0.0073754082965043185 6.376060537578988 15.938982642388524 0.0 0.0 0.0
0.007447412927542612 6.346279525233107 16.275483591900738 0.0 0.0 0.0
0.007347971514792238 6.390886849352871 15.860179026898189 0.0 0.0 0.0
0.007434989985985702 6.4732833272500665 16.34254143216567 0.01642974253125894 7.160823860094954 1.6981541292427271
0.0075101961079492375 6.452677981143325 16.041902994581488 0.0 0.0 0.0
0.0072014109892103405 6.297485887212848 16.202614004369075 0.0 0.0 0.0
0.007332644998267992 6.3758652645662135 15.6417978983797 0.0 0.0 0.0
0.007339380092982572 6.413712544831835 15.821163739509268 0.01664731513573117 7.0968172199932456 1.6138870928644884
0.007352198151344581 6.390606854221819 15.679159270879522 0.0 0.0 0.0
0.00716026107514829 6.26767916462719 16.416636965814238 0.0 0.0 0.0
0.007311058738742789 6.261583742350904 16.423243088463447 0.0 0.0 0.0
0.0071760077150394225 6.274809053508377 15.808094628054167 0.016381409153049857 7.005831657505852 1.5775440108983334
0.00721382899504399 6.318974452614341 16.303399936969246 0.0 0.0 0.0
0.007269441410440346 6.320492865944171 16.39329045980891 0.0 0.0 0.0
0.007260504395035479 6.333396961135403 16.114967503717224 0.0 0.0 0.0
0.007352212801771587 6.428409566744407 16.172263840824314 0.016502675010422338 7.054560178049227 1.6316085753490726
0.007560410066158252 6.471708010140539 16.267455426075255 0.0 0.0 0.0
0.007384852303961341 6.459488815851434 16.1137088954704 0.0 0.0 0.0
0.00728768217304956 6.3082538395061425 15.9766683481716 0.0 0.0 0.0
0.007219764915036634 6.375088125150379 16.34821866456937 0.016413357145959366 7.158699668950802 1.6408535475998163
0.00726204085469856 6.437137044933608 16.09268632308833 0.0 0.0 0.0
0.007345894308831999 6.469361297660906 15.881685136614962 0.0 0.0 0.0
0.0070551663908826655 6.28393441368498 16.235295583298626 0.0 0.0 0.0
0.007271116771320975 6.3325991111177125 16.17433410090792 0.016382743163075624 7.211841846329196 1.6257603982052684
0.007155282200534395 6.32418187733269 15.949171926694552 0.0 0.0 0.0
0.007200294058599772 6.410377537995021 16.480123174949785 0.0 0.0 0.0
0.007132987750194759 6.299133021641728 16.19033085941133 0.0 0.0 0.0
0.007028641733553785 6.291527659615976 15.865125550208322 0.016431898721616194 7.05869697459435 1.672513686677149
0.00694944024612364 6.1952016683432465 16.081538477518123 0.0 0.0 0.0
0.007248221314451724 6.23241189981569 16.213113725581916 0.0 0.0 0.0
0.007400703229936984 6.389089575360537 16.36986214047034 0.0 0.0 0.0
0.007146843638830969 6.328830152536065 16.425823840518124 0.016308783408295523 6.96264380061678 1.6046677537331597
0.007063259892103012 6.24315628690935 15.809191052016473 0.0 0.0 0.0
0.007131980505807584 6.2709971722491495 16.069769571620622 0.0 0.0 0.0
0.0071012150658445955 6.279165601767171 16.081192794376335 0.0 0.0 0.0
0.007042306793126693 6.236241225638633 15.888087475257116 0.01656263465651722 7.133202384412658 1.7646754041900732
0.0071194079239157385 6.247725127886217 15.773148113636172 0.0 0.0 0.0
0.0070144000512115225 6.252894576458326 15.928818858617575 0.0 0.0 0.0
0.007047983091316309 6.174070023929941 16.213042091865653 0.0 0.0 0.0
0.007003814271715406 6.213101786371133 16.221549300848505 0.01634588510449892 6.905757111873734 1.5705123587066827
0.006947634306531799 6.206268266653856 16.0292444157384 0.0 0.0 0.0
0.006954860501382123 6.181587620066489 16.075086087596848 0.0 0.0 0.0
0.007102551425156502 6.337431953949416 16.037999926507574 0.0 0.0 0.0
0.007154512502390456 6.356407842615045 16.04731586947823 0.01655873532065922 6.998698579773391 1.54903776958585
0.007004359193116044 6.273168878160502 15.82580623983476 0.0 0.0 0.0
0.007122086398560075 6.211633793769625 15.951807603910966 0.0 0.0 0.0
0.007210700057359653 6.3242541557225715 16.192523007596662 0.0 0.0 0.0
0.006799102976997809 6.121260931632532 15.814778497850854 0.016559797536423507 7.008179231869472 1.679266030362621
0.007067116087334912 6.1991355859770385 15.993747852164299 0.0 0.0 0.0
0.007241269220784324 6.265148250832929 15.868296466734906 0.0 0.0 0.0
0.006915381784869093 6.2453591226059615 16.028134175900597 0.0 0.0 0.0
0.0068347320863880075 6.144788907633493 15.627653156092064 0.01644139699845819 6.9464001131184006 1.5407032382558934
0.006876948769892571 6.236868468452349 16.13635613521847 0.0 0.0 0.0
0.006884737043433668 6.1685257117244285 16.19514315958735 0.0 0.0 0.0
0.006767546659598153 6.039261281688648 16.43875810289952 0.0 0.0 0.0
0.006831260623779769 6.097763747270271 16.442190321753763 0.01637520823162587 7.0339487682158826 1.5630047984831001
0.006959635951328537 6.183210697828554 16.65418066545905 0.0 0.0 0.0
0.007137516835420795 6.21913738817306 16.38712348369964 0.0 0.0 0.0
0.006915285747040776 6.152721044385374 16.343540215939434 0.0 0.0 0.0
0.0070022395445303465 6.299320600020507 15.939255053992506 0.01656571112345507 7.211569786248277 1.6303125094895576
0.007017672782823618 6.345043593382144 16.021448236945773 0.0 0.0 0.0
0.006822241256598211 6.227597333118922 16.674604570296637 0.0 0.0 0.0
0.006784416969734204 6.141200169411695 16.245054061533097 0.0 0.0 0.0
0.006802488027428582 6.081621885151364 16.05969532065192 0.016411305845059086 6.8614927272669135 1.4636009635404676
0.006796833572946863 6.100584625835103 16.482571778495522 0.0 0.0 0.0
0.0068966433878705595 6.176185528626277 16.270328922798296 0.0 0.0 0.0
0.006669698644272706 6.055691764976108 16.145415829187847 0.0 0.0 0.0
0.006693704236019586 6.0677672736671076 16.074375621359277 0.016438522573772638 6.851932108967394 1.4320186240221817
0.006677901616745046 6.012394631311601 16.235720904243507 0.0 0.0 0.0
0.0069952269602945125 6.28992890052883 16.1294508721042 0.0 0.0 0.0
0.007011671980435774 6.341078773094331 16.26221811923852 0.0 0.0 0.0
0.006713473354689043 6.102863774395539 15.991605035482907 0.016480790324154504 7.0146383879986685 1.6779842457089993
0.006630298381106593 6.060774617552303 16.07560118852331 0.0 0.0 0.0
0.006897678606931838 6.186033811515622 15.982776310195696 0.0 0.0 0.0
0.006858024310881396 6.169914899648822 15.899781614326185 0.0 0.0 0.0
0.00678548596719651 6.156044415911631 16.053415823898977 0.01656046058090353 6.929361272807583 1.420424139770962
0.006672055499296009 6.026091105520159 16.239571290233968 0.0 0.0 0.0
0.006615044207969847 6.041738161055903 15.832932931154382 0.0 0.0 0.0
0.006870922208917419 6.231258498935011 16.422963925217864 0.0 0.0 0.0
0.006929411855069366 6.267276757859371 16.05453657162859 0.016501870519436277 7.0791171201749945 1.6249187464499149
0.006655374541863843 6.061896489523466 16.038479843881653 0.0 0.0 0.0
0.0068179250630729365 6.110971481850074 16.173788450441414 0.0 0.0 0.0
0.006585545623097909 6.044205463830598 15.888152405559243 0.0 0.0 0.0
0.006524693928629763 5.933333194993909 16.34958870858766 0.016310097265195018 6.86608709788718 1.5057197393499178
0.006706971039486145 6.025837947804247 16.40103893490992 0.0 0.0 0.0
0.00669235228475014 6.032486728259576 16.163679449567834 0.0 0.0 0.0
0.006597855525111271 6.0251853985203905 16.40368490443583 0.0 0.0 0.0
0.006647999292287858 6.001857459810732 16.039275393835986 0.016423962659112057 6.896020653301506 1.46054837192549
0.0068195895389756575 6.131684853821426 16.07797403769804 0.0 0.0 0.0
0.006556370645954135 5.929397966863989 15.821018021240176 0.0 0.0 0.0
0.006529744798115991 5.960074035043989 16.485906999198882 0.0 0.0 0.0
0.006623387644350177 6.0178107662726354 16.1450714439297 0.01635640293249426 6.802733130267344 1.3497972490475258
0.00666830242031711 6.038983904942758 16.050081463044236 0.0 0.0 0.0
0.006514964316573268 5.940921632012029 16.35087053654693 0.0 0.0 0.0
0.006542044401529071 5.940248694822463 15.851093152506724 0.0 0.0 0.0
0.006543474349156138 5.966014095536735 15.920238422461443 0.01656873207384051 6.98771103077943 1.4700529518679566
0.0066130258593881525 5.984189589643601 15.706646164587616 0.0 0.0 0.0
0.00645558492561015 5.874187253473637 15.756909266402602 0.0 0.0 0.0
0.006508073984104418 5.916130115972899 16.489413805204823 0.0 0.0 0.0
0.006568422702197269 5.924781484261357 16.535981415657208 0.016445695565737994 6.87777490643442 1.538471696707196
0.006521840831704098 5.942173135548496 16.05090426399957 0.0 0.0 0.0
0.0064894744999237685 5.92859251151944 16.55388710993129 0.0 0.0 0.0
0.0065599285212113116 5.923283734636415 16.41248397667481 0.0 0.0 0.0
0.006575324806846039 5.926687083354202 15.93338959832695 0.016388676679383766 6.899895313106295 1.556412370114505
0.0064754692236503 5.9448269941570215 16.10670152602759 0.0 0.0 0.0
0.006475387580833134 5.866353631605965 16.198602574410597 0.0 0.0 0.0
0.006426700319989875 5.9027097135403155 16.045176780890824 0.0 0.0 0.0
0.006533261725892108 5.940756554416173 15.956035374343084 0.01642799008112979 6.819215414289722 1.395145180694531
0.006520669522887057 6.011908727721397 15.906872501949305 0.0 0.0 0.0
0.006593916237276626 6.098413680318651 16.161553438196535 0.0 0.0 0.0
0.006590625929558326 6.0881231524865385 15.795942884969305 0.0 0.0 0.0
0.006742545754514515 6.1455166169701645 16.304228931114434 0.016431906454089738 7.046650999805869 1.5352559459202717
0.006484345341403746 5.97679062358087 15.820433941010032 0.0 0.0 0.0
0.006342251873496802 5.854469717490096 16.10811640517694 0.0 0.0 0.0
0.006406446839684646 5.792490893478936 15.704591423333236 0.0 0.0 0.0
0.006488987648072818 5.902293369304148 15.807954038152445 0.016469305344404852 6.994978925059352 1.5516034159602812
0.0065849306101734536 5.991227659343586 15.933394561049983 0.0 0.0 0.0
0.006527061594655885 5.932023268432653 15.804731619278805 0.0 0.0 0.0
0.006509372083377046 5.884284400191827 15.706832819977615 0.0 0.0 0.0
0.006376065137912121 5.917672013249266 16.237330951693522 0.016536017641807406 6.876794954088193 1.4993342093765674
0.006401578450185896 5.851910462684518 16.361832207825206 0.0 0.0 0.0
0.006584099160912603 6.1388851642117865 16.34749265335972 0.0 0.0 0.0
0.006373886076401121 5.9054585606517005 16.37679530018215 0.0 0.0 0.0
0.006574399949790887 5.999022313365803 15.858318457621117 0.01627767360639838 6.852596998139696 1.4674001047297793
0.006493286733879724 5.920424815995462 16.45353978785309 0.0 0.0 0.0
0.006353665332971473 5.85401372823608 15.726443546089747 0.0 0.0 0.0
0.006413496257183451 5.906535528991372 15.960070525699189 0.0 0.0 0.0
0.006264709881671242 5.8141384391982 15.78872388960783 0.01632839018880878 6.78568400667765 1.4539686357446595
0.0063464699949153805 5.895139459018706 16.307219550775788 0.0 0.0 0.0
0.006481449889239708 6.002132629859568 16.235786335795492 0.0 0.0 0.0
0.006558383443831602 6.081636032868687 15.547884500019519 0.0 0.0 0.0
0.006400831303058082 5.938799455832115 16.264103523317733 0.01629783246293704 6.930817766166264 1.584431867412451
0.006246342839114401 5.842055201837049 16.124203808066568 0.0 0.0 0.0
0.006365615194688773 5.891794261471491 16.34007144585117 0.0 0.0 0.0
0.006573696117715155 6.13737807808295 15.969052259291637 0.0 0.0 0.0
0.006419114882305677 5.9866079243275125 16.31922288729603 0.016458996611396087 6.81001370341964 1.4312795769083895
0.006376666566377754 5.927096967347649 15.911903198922671 0.0 0.0 0.0
0.006408712750409355 5.9278270976561895 16.211008208936427 0.0 0.0 0.0
0.006350657532719875 5.906127221355187 16.153453806865233 0.0 0.0 0.0
0.006276711509947082 5.826406591804599 16.135241688593695 0.016462107857531893 6.741733908728055 1.4015630012038727
0.0064353629399131335 5.970858265237294 15.931207802268794 0.0 0.0 0.0
0.006398732496459991 5.96819422853091 15.815933031562137 0.0 0.0 0.0
0.00634407658482503 5.904222337452296 16.47421065855965 0.0 0.0 0.0
0.006167791909771487 5.76326461420894 16.56463712847119 0.016302675037730207 6.818585211500394 1.4723394270747245
0.006210649773680476 5.785469811356198 16.187786201714097 0.0 0.0 0.0
0.006297373693740338 5.825030858995185 15.656758799346894 0.0 0.0 0.0
0.006440030622055339 5.936886170618516 16.118497071730655 0.0 0.0 0.0
0.006286679189106861 5.844254540940227 16.08297446716102 0.01635176560317799 6.915301585295067 1.5750752587014671
0.006250394717541682 5.802896055051103 16.15654116110869 0.0 0.0 0.0
0.006177254063650866 5.762270134227244 15.944254923166255 0.0 0.0 0.0
0.006326570428956602 5.863500587178069 16.256590661294002 0.0 0.0 0.0
0.006298703392914785 5.805613608818817 16.339000861300708 0.016399297429744858 6.856139202426717 1.49739918608221
0.0062886267540534875 5.778845486283439 16.171899013685742 0.0 0.0 0.0
0.006299047623212393 5.821186831107301 16.457516503259495 0.0 0.0 0.0
0.00615922187706652 5.757340574916654 16.420044244333173 0.0 0.0 0.0
0.006251052109202488 5.789919182032907 16.31924722791325 0.016385040130391323 6.936988941154427 1.4988977646724213
0.006165673968206272 5.756531769641642 15.814879353138371 0.0 0.0 0.0
0.006230284590936088 5.76892367355463 15.752636261332539 0.0 0.0 0.0
0.006190491767111359 5.71638243912569 16.592540247420622 0.0 0.0 0.0
0.006140437421258758 5.7354457562670245 16.49337760556214 0.016417834763117405 6.912251432478346 1.499057908003544
0.00628701488188527 5.857363368744181 16.206419596136815 0.0 0.0 0.0
0.006286009375644643 5.85105097063411 16.24640344985872 0.0 0.0 0.0
0.006241065753788104 5.806876713135906 16.421157422888975 0.0 0.0 0.0
0.006178690286827345 5.7537865597149525 15.92861549903596 0.016335074705173692 6.736531913464211 1.349902936576123
0.006290966384309538 5.848544325376527 16.201521602624616 0.0 0.0 0.0
0.006036148998598205 5.664428802352782 16.065155217675553 0.0 0.0 0.0
0.0060231059517140695 5.625909707397728 15.799713786084322 0.0 0.0 0.0
0.006100317720256711 5.6666296097315705 16.20888139117674 0.016280044351747694 6.694648779328099 1.3951775344031614
0.006284618463523982 5.868635464666297 16.04811952133121 0.0 0.0 0.0
0.0061641260825178925 5.723178635602935 15.854597250399689 0.0 0.0 0.0
0.006389673544102057 5.996628943673616 16.23073586222324 0.0 0.0 0.0
0.006375844968268857 5.962760728957477 16.184140788529984 0.01643213955822197 6.773147028994309 1.4397842724756504
0.005999964064168768 5.706890517659574 16.138261578849775 0.0 0.0 0.0
0.006078983420646412 5.746110709461622 16.459229886532658 0.0 0.0 0.0
0.006340001063468651 5.896758012212565 15.974239447690307 0.0 0.0 0.0
0.0063064885639988475 5.9355435123478015 16.680966741610618 0.016239348724894503 6.884113884236691 1.4309918479735915
0.006060177861645957 5.7468182927427724 16.339159511057645 0.0 0.0 0.0
0.005993188618143405 5.696473526906718 16.040589474215185 0.0 0.0 0.0
0.006031197987971764 5.639922703105662 15.90471976426657 0.0 0.0 0.0
0.006063901520161869 5.700750372125908 16.05931608463362 0.01634015593165909 6.728146635659491 1.457600648897481
0.006241542525820342 5.834911020137237 16.303171682565154 0.0 0.0 0.0
0.006248406320101326 5.800236505881804 16.497515328882024 0.0 0.0 0.0
0.006117759294795511 5.7625332596061085 15.59400854321622 0.0 0.0 0.0
0.00609131896583309 5.7530167012456905 15.99464708721936 0.016384662550149927 6.823261572162091 1.5014703260492241
0.006064806290627879 5.73868898906289 16.028506227071762 0.0 0.0 0.0
0.00612224556812633 5.71818961706431 16.506640689428366 0.0 0.0 0.0
0.005962808093276297 5.644504266232206 15.81439032717505 0.0 0.0 0.0
0.006070753417483681 5.746817554078637 15.801306668187786 0.01639650358111505 6.961059108468207 1.5204744156163092
0.006134666323414264 5.750673110192878 16.066063904633495 0.0 0.0 0.0
0.006099655735270076 5.698776885559345 16.35819297897429 0.0 0.0 0.0
0.006050775202506101 5.707380154562738 15.771835915866825 0.0 0.0 0.0
0.006164624214531453 5.801926456299721 16.105421565604548 0.01638688174438637 6.861630733602606 1.458400266128166
0.006065242603698807 5.7439257073430205 15.994216132675781 0.0 0.0 0.0
0.006011069247084985 5.636579458626555 16.190849584068467 0.0 0.0 0.0
0.006016766836956127 5.641995496798758 16.315165022721065 0.0 0.0 0.0
0.005982445358127463 5.629140656578607 16.003255971267595 0.01629080258913561 6.7741040107566315 1.396734471951023
0.005962740756735901 5.615513078821947 15.88537278170595 0.0 0.0 0.0
0.0059365725154598365 5.576474967508987 16.320864330615972 0.0 0.0 0.0
0.006095498572750698 5.628613940735846 16.00025582993766 0.0 0.0 0.0
0.006130750948742624 5.692671386477281 16.66095610081553 0.01629786262074028 6.750097234895396 1.392960661883629
0.0061201059349063475 5.699099409384755 16.25860774410944 0.0 0.0 0.0
0.006049072496653032 5.655646428287781 16.078891274576975 0.0 0.0 0.0
0.005997796636703415 5.641698614576298 16.32546922552388 0.0 0.0 0.0
0.005949259213531418 5.616226780974703 15.807426256942811 0.0163892234707597 6.761621528512751 1.520011673679378
0.005929085066244466 5.569043319188133 15.943880962647443 0.0 0.0 0.0
0.006129437871501025 5.832266982284592 16.201822391646324 0.0 0.0 0.0
0.006013002820450592 5.678036864922754 16.301168021708303 0.0 0.0 0.0
0.005991854159323353 5.692770850973163 16.40264790228673 0.01643520485420257 6.871287574116237 1.4847098579066442
0.005969290983697655 5.65461012725278 16.03878857480428 0.0 0.0 0.0
0.005883164889005346 5.52957379676136 16.175719847628233 0.0 0.0 0.0
0.005847496113694407 5.519491918724727 15.971808704332114 0.0 0.0 0.0
0.005897259244229899 5.540441454571885 15.903415345261433 0.016396215053176986 6.670076242227229 1.3688871394573723
0.005962027816643402 5.6072981643715885 16.66841908873063 0.0 0.0 0.0
0.005971328305318374 5.648364252094337 16.20909101328399 0.0 0.0 0.0
0.005896648456606995 5.5661268943824815 16.267540231487224 0.0 0.0 0.0
0.005782920948844275 5.478606073207469 16.256168895342753 0.016152786459488366 6.665607676302454 1.3988985860388135
0.005810333338827994 5.493288079281759 15.676772626673667 0.0 0.0 0.0
0.005947626441315626 5.5562576467007645 16.15357640047683 0.0 0.0 0.0
0.0058886776293775875 5.60353603638541 15.976472830229294 0.0 0.0 0.0
0.005806020906567259 5.493061464156879 16.369811504918694 0.01630533658805724 6.645795341959101 1.2635766482475423
0.005829768848759972 5.515010521581808 16.4312298128353 0.0 0.0 0.0
0.005838061386027756 5.472065206505517 16.341815916104792 0.0 0.0 0.0
0.005819831295272023 5.496160450539437 16.120716505464067 0.0 0.0 0.0
0.0058218460810108555 5.514823166882717 16.073076456370774 0.01631668765599553 6.848367106854644 1.504726834262124
0.0057555440643476995 5.485322913824608 16.368043492496 0.0 0.0 0.0
0.005770632373124525 5.450588966019127 16.347003444275668 0.0 0.0 0.0
0.005748536950029733 5.450122342683215 15.723758630904857 0.0 0.0 0.0
0.005803147074387643 5.447816874889043 16.271605291662517 0.016229514571791025 6.654123626482503 1.4382987517856953
0.005791044028558958 5.4764138496103705 16.117661150205382 0.0 0.0 0.0
0.005865198683809062 5.493169149777918 15.915625925193265 0.0 0.0 0.0
0.0057027661785209955 5.418651391007154 16.637425415497397 0.0 0.0 0.0
0.00582628876833699 5.527074068418976 15.84299790790583 0.016218937930006963 6.739553365734125 1.4099596945258719
0.005771312943717087 5.481820715502101 16.59091255431344 0.0 0.0 0.0
0.00581895803845375 5.548666321773013 15.797595149247437 0.0 0.0 0.0
0.005859308579377047 5.516185669864246 16.186454018836667 0.0 0.0 0.0
0.005799111268959525 5.53451284351876 16.328845200785658 0.016256631601125147 6.718068691019988 1.4302165460946936
0.0056211016996542155 5.374239516727603 16.05400581246845 0.0 0.0 0.0
0.005662366598195533 5.3567363510419055 16.51037545202152 0.0 0.0 0.0
0.005747499275353228 5.443530679347129 15.843139729794508 0.0 0.0 0.0
0.005927073778699626 5.563367495372515 16.233712044902678 0.01657282092595801 6.734264028789915 1.4601140446741212
0.005797127743490767 5.494656160436688 15.94385295252513 0.0 0.0 0.0
0.005644374623797725 5.373404544350455 16.068263380849626 0.0 0.0 0.0
0.005672342707149717 5.379620721387594 16.42870741724356 0.0 0.0 0.0
0.005728394961473346 5.456535930586336 16.215394411062103 0.016329106149220816 6.627498399094144 1.395403565212966
0.005729409642237371 5.42673739058239 16.069938564679006 0.0 0.0 0.0
0.005796788869654236 5.516615960279123 16.249843460140557 0.0 0.0 0.0
0.005739000230312182 5.466819418158463 16.487005217600945 0.0 0.0 0.0
0.005749294246107408 5.460128385541224 16.373718670110776 0.016403407134778183 6.750995468208089 1.4732798672871479
0.005835235550836609 5.545732555639122 15.787583939237797 0.0 0.0 0.0
0.005826296701021208 5.586553399437395 15.944415980171023 0.0 0.0 0.0
0.005812417396257588 5.519508881128749 16.33116034649388 0.0 0.0 0.0
0.005856506239682629 5.561989418583188 16.121353860029494 0.01628679550681214 6.602126451251497 1.3320692593921142
0.005758519592938418 5.494649355335128 16.17405972316685 0.0 0.0 0.0
0.005635593678923902 5.394772671463495 16.491846893349628 0.0 0.0 0.0
0.005627926061272891 5.382274219094171 15.8675944080327 0.0 0.0 0.0
0.005704923882640211 5.45476752188071 16.070092491925866 0.016239590426481838 6.681234952915936 1.4155365579936163
0.005628779421628752 5.3925898182917305 16.002703291635402 0.0 0.0 0.0
0.005716223942848137 5.453730827237623 16.436217924574933 0.0 0.0 0.0
0.005751733927783299 5.454094885238891 16.194729884451966 0.0 0.0 0.0
0.0056596785913008135 5.402673593155357 16.370388877119204 0.016185199456575285 6.607038494131847 1.3783024389165672
0.0055885102094060425 5.3731268721143834 16.32284376814681 0.0 0.0 0.0
0.005567630378098448 5.312651171707222 15.842921275081785 0.0 0.0 0.0
0.00561749437469546 5.37208013580456 15.68639896134212 0.0 0.0 0.0
0.00564160478177171 5.384389851582027 15.99476429814161 0.01640750887281353 6.590415542547113 1.3138605223104292
0.005706675694622268 5.458593268706335 16.346769612604678 0.0 0.0 0.0
0.0056523480619050485 5.431639765458518 16.26678594574164 0.0 0.0 0.0
0.005588353040032529 5.364160338043458 16.353020111644607 0.0 0.0 0.0
0.005592073804048356 5.321860228506533 16.110901903361572 0.01621488806837349 6.558152431024223 1.3247503713125943
0.005615024591620385 5.368361638600299 15.963587875102272 0.0 0.0 0.0
0.005680361178270951 5.4703612539101325 16.719084321393783 0.0 0.0 0.0
0.005664390479746869 5.443636603664812 15.931272665327006 0.0 0.0 0.0
0.005597458535277159 5.3555541835122416 16.34239525871728 0.016475908829655283 6.689918324799824 1.4306141912992358
0.0056713868413712145 5.440825865779992 15.9164495822094 0.0 0.0 0.0
0.005646419739328493 5.441902511816732 16.178474913272172 0.0 0.0 0.0
0.005457774579269443 5.280131386619988 16.123822170632213 0.0 0.0 0.0
0.005565785582454561 5.344715160738972 15.973597008131591 0.016275161637072114 6.657796772367768 1.3818760056465857
0.005674026022341909 5.390957470329975 15.889086808148216 0.0 0.0 0.0
0.005732829983485272 5.342950717227925 16.44046669546006 0.0 0.0 0.0
0.005564943095762541 5.312958191648922 16.20707282132039 0.0 0.0 0.0
