1099.954345703125
1246.750732421875
1045.5653076171875
1138.88720703125
1107.2442626953125
1168.0472412109375
1038.0455322265625
1144.63671875
1266.7896728515625
1136.1751708984375
1080.8988037109375
1204.9044189453125
1105.802978515625
1091.7197265625
1133.6990966796875
1188.66748046875
1093.8172607421875
1193.0399169921875
1191.58544921875
1088.7177734375
1235.3082275390625
1122.91357421875
1046.472900390625
1156.26806640625
1199.5511474609375
1149.416259765625
1058.8250732421875
1186.8834228515625
1175.69921875
1157.5267333984375
1132.271484375
1159.913818359375
1098.0057373046875
1082.995849609375
1216.730712890625
1199.3260498046875
1162.89208984375
1142.5133056640625
1186.8076171875
1200.823974609375
1155.6187744140625
1195.0751953125
1139.72412109375
1029.78857421875
1050.281982421875
1094.4320068359375
1099.496826171875
1112.3314208984375
949.34912109375
1137.0426025390625
1061.741943359375
1188.556884765625
1130.8822021484375
1138.46337890625
1078.7840576171875
1170.060302734375
1161.46533203125
1076.318115234375
1159.39404296875
1241.3631591796875
1167.1646728515625
1212.005615234375
1153.3809814453125
1175.2913818359375
1189.041748046875
1167.34619140625
1174.813720703125
1072.2357177734375
1215.3228759765625
1167.3392333984375
1154.0487060546875
1177.431396484375
1106.3638916015625
1127.814208984375
1223.5933837890625
1194.377197265625
1094.7596435546875
1183.279052734375
1036.8873291015625
1206.157470703125
1145.2952880859375
1133.286865234375
1264.3604736328125
951.0743408203125
1097.249267578125
1201.4273681640625
1148.888427734375
1093.386474609375
1149.9393310546875
1147.3543701171875
1100.0767822265625
1231.8544921875
1192.5693359375
1214.7901611328125
1283.6484375
1160.80322265625
1244.3917236328125
1194.0982666015625
1131.8656005859375
1073.79931640625
1343.8192138671875
1079.7738037109375
1235.9244384765625
1158.1131591796875
1090.41357421875
1056.600341796875
1103.796142578125
1182.7977294921875
1216.7510986328125
1127.179443359375
1181.5843505859375
1240.8782958984375
1103.25927734375
1095.6611328125
1142.46044921875
1126.338623046875
1184.187255859375
1185.212890625
1198.9228515625
1005.6029052734375
1227.193603515625
1132.034912109375
1065.2158203125
1102.6513671875
1137.6160888671875
1231.8419189453125
1140.4814453125
1050.1485595703125
1218.3275146484375
1057.2991943359375
1218.5103759765625
1163.36767578125
1210.6551513671875
978.4915161132812
1041.96142578125
1286.6092529296875
1078.6617431640625
1128.7720947265625
1165.7763671875
1115.8021240234375
1168.0244140625
1235.005126953125
1112.168212890625
1102.843505859375
1186.8887939453125
1098.3306884765625
1210.1900634765625
1134.5732421875
1106.483642578125
1189.2498779296875
1151.646484375
1157.87353515625
1171.494384765625
1155.28857421875
1174.9986572265625
1122.78955078125
1153.9541015625
1094.648193359375
1202.0821533203125
1088.9666748046875
1193.242919921875
1122.9647216796875
1039.3118896484375
1189.8101806640625
1103.4287109375
1106.227783203125
1094.572509765625
1111.3414306640625
1171.3734130859375
1150.6287841796875
1147.37158203125
1162.181396484375
1191.7392578125
1103.27490234375
1209.6617431640625
1235.0233154296875
1151.1619873046875
1129.399658203125
1096.9693603515625
1149.648193359375
1173.4993896484375
1210.8087158203125
1139.435302734375
1129.998779296875
1126.27294921875
1281.18603515625
1064.5299072265625
1171.5950927734375
1090.06494140625
1002.9812622070312
1113.7183837890625
1051.779541015625
1182.478515625
1164.14404296875
1126.8876953125
1191.8243408203125
1161.978515625
1144.767578125
1182.055908203125
1180.41552734375
1119.15380859375
1196.6943359375
1068.8006591796875
1102.2198486328125
1190.356201171875
1113.8271484375
1195.400390625
1104.607666015625
1192.926513671875
1206.5123291015625
1187.5008544921875
1130.591796875
1103.1011962890625
1150.9954833984375
1090.655517578125
1074.6993408203125
1183.283203125
1075.7589111328125
1223.98876953125
1202.3638916015625
1115.177490234375
1180.8516845703125
1078.66064453125
1138.894287109375
1200.447265625
1147.72509765625
1066.7071533203125
1021.9105834960938
1066.46044921875
1161.3028564453125
1103.003173828125
1113.080322265625
1107.35400390625
1173.642822265625
1233.8154296875
1107.899169921875
1157.414306640625
1187.889892578125
1079.701416015625
1071.2210693359375
994.7353515625
1068.8482666015625
1124.37890625
1089.16748046875
1220.7630615234375
1196.791748046875
1083.1259765625
1191.882080078125
1120.1995849609375
1081.659423828125
1152.5245361328125
1114.9732666015625
1170.6812744140625
1140.461669921875
1051.2669677734375
1175.1429443359375
1168.528564453125
1141.82568359375
1155.9256591796875
1127.0738525390625
1135.3729248046875
1090.416259765625
1127.2259521484375
1054.287841796875
1144.181640625
1104.4085693359375
1208.7698974609375
1132.35791015625
1210.8226318359375
1154.9404296875
1100.5172119140625
1162.488525390625
1187.889404296875
1144.2708740234375
1046.89013671875
1139.382080078125
1035.91162109375
1030.2462158203125
1145.878173828125
1151.919189453125
945.8706665039062
1046.8779296875
1249.33447265625
1123.8822021484375
1150.620361328125
1181.75634765625
1097.4375
1095.61962890625
1163.8310546875
983.3811645507812
1087.0947265625
1162.0281982421875
1159.9620361328125
1055.291748046875
1053.7513427734375
1254.45947265625
1145.194091796875
1028.139892578125
1124.3463134765625
1189.9295654296875
1135.96337890625
1031.53662109375
1115.5950927734375
1007.1995239257812
1161.5777587890625
1217.338134765625
1232.5322265625
1156.154296875
1105.4945068359375
1186.645751953125
1177.413818359375
1057.89697265625
1117.5770263671875
1150.7510986328125
1193.9002685546875
1130.1392822265625
1153.916748046875
1205.095703125
1056.0821533203125
1030.1881103515625
1106.398193359375
1110.1741943359375
1154.906005859375
1136.512939453125
1130.881103515625
1091.1903076171875
1172.7369384765625
1112.0428466796875
1112.512451171875
1132.389404296875
1106.4326171875
1152.96240234375
1111.600341796875
1017.5241088867188
1053.583984375
1125.3466796875
1011.143798828125
1072.056640625
1145.875244140625
1083.42578125
1143.4437255859375
1216.4127197265625
1114.6490478515625
1214.1119384765625
1128.2412109375
1024.23291015625
1182.9368896484375
1103.4525146484375
1085.774658203125
1186.287109375
1246.730224609375
1152.5885009765625
1192.6729736328125
1199.4990234375
1137.09765625
1116.480712890625
1066.8111572265625
1121.164794921875
1144.411865234375
1114.8509521484375
1177.0706787109375
1133.1043701171875
1109.587158203125
1119.5015869140625
1177.0894775390625
1223.5340576171875
1152.0582275390625
1140.7222900390625
1119.5565185546875
1165.407470703125
1091.6275634765625
1162.954345703125
1132.83447265625
1156.58349609375
1174.0294189453125
1209.044677734375
1081.332763671875
1218.70751953125
1101.694580078125
1124.137939453125
1042.5347900390625
1067.676025390625
1088.2960205078125
1084.773681640625
1267.73046875
1132.0731201171875
1201.2720947265625
1135.7596435546875
1228.406005859375
1151.400390625
1064.6492919921875
1082.1187744140625
1063.9976806640625
1129.182373046875
1185.0816650390625
1225.194580078125
1108.234130859375
1037.323486328125
1101.9041748046875
1138.2828369140625
1280.3187255859375
1294.1964111328125
1137.4443359375
1155.2213134765625
1132.776611328125
1110.975830078125
1231.9765625
1081.00146484375
1139.0927734375
1189.484375
1108.7724609375
1026.33837890625
1092.2022705078125
1197.8431396484375
1157.453857421875
1161.68701171875
1111.8240966796875
1118.6563720703125
1219.9727783203125
1102.15283203125
1186.8458251953125
1122.8333740234375
1121.8387451171875
1139.2506103515625
1132.6417236328125
1238.449951171875
1163.684326171875
1156.5733642578125
1247.478759765625
1206.7784423828125
1103.660400390625
1133.962890625
1254.7548828125
1132.81494140625
1186.292236328125
1080.025146484375
1079.9271240234375
1158.9501953125
1124.590087890625
1036.37451171875
1145.287109375
1124.963623046875
1200.1600341796875
1225.3157958984375
1183.6986083984375
1198.4730224609375
1251.5738525390625
1096.400390625
1155.400634765625
1140.8673095703125
1285.2015380859375
1254.0057373046875
1170.4439697265625
1162.13525390625
1096.835693359375
1183.88330078125
1054.0855712890625
1150.0078125
1121.189697265625
1100.7049560546875
1132.54833984375
1120.8658447265625
1132.1353759765625
1155.7783203125
1197.2139892578125
1076.4384765625
1194.3135986328125
1084.982666015625
1124.1427001953125
1158.1258544921875
1227.6468505859375
1097.3111572265625
1101.624755859375
1213.6527099609375
1043.3048095703125
1128.265380859375
1141.8056640625
1196.899658203125
1030.6290283203125
1042.8260498046875
1062.6416015625
1197.3975830078125
1112.10595703125
1206.512939453125
1182.2247314453125
1134.3626708984375
1148.3560791015625
1057.77783203125
1166.680908203125
1097.196533203125
1094.04833984375
997.0835571289062
1108.7947998046875
1105.3319091796875
1151.1148681640625
1122.18017578125
1089.325439453125
1163.883544921875
1136.7144775390625
1115.258544921875
