-0.0011905 -0.0890884 -0.2387235164642334 0.00283302 1.83948 2.177206516265869 -0.00231583 -0.353854 -0.7134559750556946
-0.00212871 -0.180429 -0.19679120182991028 0.00506566 3.24299 3.836378812789917 -0.00414088 -0.618879 -1.2476056814193726
-0.00284389 -0.281979 -0.2473095953464508 0.00676756 4.21323 4.96783971786499 -0.00553208 -0.793002 -1.6068540811538696
-0.0033740500000000004 -0.422677 -0.2922601103782654 0.00802919 4.7956 5.741511344909668 -0.00656339 -0.876793 -1.8541462421417236
-0.00376462 -0.559326 -0.3405661880970001 0.00895862 5.1412 6.26315975189209 -0.00732314 -0.920621 -2.0383195877075195
-0.00406183 -0.666706 -0.3847542405128479 0.00966588 5.37839 6.627484321594238 -0.00790129 -0.952212 -2.1749427318573
-0.00430683 -0.75621 -0.41865673661231995 0.0102489 5.55572 6.909672737121582 -0.00837787 -0.9763270000000001 -2.2817561626434326
-0.00453119 -0.838405 -0.4511549174785614 0.010782800000000002 5.7037 7.143332481384277 -0.0088143 -0.9968939999999998 -2.370105743408203
-0.0047546 -0.920779 -0.48458048701286316 0.0113144 5.83753 7.357196807861328 -0.0092489 -1.01611 -2.450019121170044
-0.00498511 -1.00604 -0.5163396000862122 0.011863000000000002 5.96441 7.565061569213867 -0.00969729 -1.03423 -2.525298595428467
-0.00522165 -1.09266 -0.5511617660522461 0.012425900000000002 6.08518 7.766937732696533 -0.0101574 -1.0505 -2.59574294090271
-0.0054582 -1.17946 -0.5885199308395386 0.012988799999999998 6.1975 7.955094337463379 -0.010617600000000001 -1.06428 -2.659789800643921
-0.005688330000000001 -1.26392 -0.6285456418991089 0.013536399999999999 6.2994 8.124188423156738 -0.0110652 -1.07606 -2.7171287536621094
-0.00590894 -1.34429 -0.6679390072822571 0.0140614 6.3912 8.272381782531738 -0.0114944 -1.08629 -2.7674028873443604
-0.006122269999999999 -1.42154 -0.7098023891448975 0.0145691 6.47494 8.407068252563477 -0.0119094 -1.09554 -2.8127336502075195
-0.00633581 -1.49783 -0.7518028020858765 0.0150772 6.55372 8.53183650970459 -0.0123247 -1.10445 -2.855428457260132
-0.00656016 -1.57755 -0.7975165843963623 0.015611100000000001 6.63132 8.657721519470215 -0.0127612 -1.11338 -2.8994765281677246
-0.0068058500000000004 -1.66379 -0.8469589948654175 0.0161958 6.7098 8.788003921508789 -0.0132391 -1.12272 -2.944629192352295
-0.00707976 -1.75897 -0.9026281833648682 0.0168476 6.78899 8.929520606994629 -0.013771900000000002 -1.13258 -2.9941020011901855
-0.00738243 -1.86309 -0.9615383744239807 0.0175679 6.86545 9.074105262756348 -0.0143607 -1.14291 -3.046025514602661
-0.00770666 -1.97285 -1.0256880521774292 0.0183394 6.93392 9.222142219543457 -0.0149914 -1.15317 -3.100734233856201
-0.00803777 -2.0823 -1.091968059539795 0.0191274 6.9894 9.357489585876465 -0.0156355 -1.16296 -3.151503801345825
-0.00835523 -2.18484 -1.1548960208892822 0.0198828 7.03003 9.475854873657227 -0.016253 -1.17195 -3.197396993637085
-0.0086349 -2.27362 -1.2092851400375366 0.020548299999999995 7.05742 9.5717134475708 -0.0167971 -1.17962 -3.23439359664917
-0.0088513 -2.34131 -1.2555534839630127 0.0210633 7.0745 9.638991355895996 -0.017218 -1.18545 -3.2592873573303223
