-0.000300432 -0.312669 -0.6963452100753784 -0.00038409299999999996 -0.357783 -0.4762409031391144 0.00048984 0.093051 0.19195696711540222
-0.0003699989999999999 -0.38507 -0.6273682117462158 -0.000473033 -0.44063 -0.4411999583244324 0.000603266 0.114598 0.17648425698280334
-5.50719e-05 -0.057315 -0.22031815350055695 -7.04077e-05 -0.0655848 0.014387146569788456 8.9792e-05 0.0170571 0.04353715106844902
0.0007414749999999999 0.771675 0.7962251901626587 0.000947952 0.883018 1.1729778051376343 -0.00120894 -0.229652 -0.31639283895492554
0.0020453 2.12348 2.683408498764038 0.00261486 2.42557 3.241098165512085 -0.0033347699999999995 -0.628704 -1.061684489250183
0.00381353 3.81003 4.6776323318481445 0.00487548 4.28923 5.349985122680664 -0.006217769999999999 -1.06812 -1.7462633848190308
0.00594731 5.14986 6.071420192718506 0.00760345 5.53451 6.870108127593994 -0.00969679 -1.19313 -2.134803295135498
0.00831061 6.06415 6.833131313323975 0.0106249 6.26203 7.718212127685547 -0.01355 -1.14587 -2.3285107612609863
0.0107508 6.53422 7.263943672180176 0.0137445 6.61292 8.246739387512207 -0.0175286 -1.02299 -2.4386098384857178
0.013117 6.83078 7.659209251403809 0.0167697 6.82465 8.69162368774414 -0.0213867 -0.894786 -2.5561907291412354
0.015274 7.05095 8.01773452758789 0.0195274 6.96443 9.027798652648926 -0.0249036 -0.7935 -2.707446813583374
0.0171091 7.20014 8.191093444824219 0.021873499999999997 7.04254 9.189623832702637 -0.0278956 -0.728614 -2.7502388954162598
0.0185339 7.29736 8.313372611999512 0.023695 7.08591 9.275859832763672 -0.0302186 -0.688077 -2.803478956222534
0.019482 7.35514 8.325906753540039 0.024907099999999998 7.10944 9.26873779296875 -0.0317644 -0.664216 -2.768589496612549
0.0199055 7.37939 8.254661560058594 0.0254486 7.11882 9.247040748596191 -0.0324549 -0.654256 -2.708867073059082
0.0197739 7.24243 8.110555648803711 0.025280299999999995 6.9621 9.14354133605957 -0.0322404 -0.613496 -2.6065433025360107
0.0190764 6.51657 7.70669412612915 0.0243886 6.13151 8.75691032409668 -0.0311032 -0.39748 -2.3472952842712402
0.0178297 5.21908 6.818548679351807 0.0227948 4.64681 7.781285285949707 -0.0290705 -0.0113445 -1.8421123027801514
0.0160885 3.40696 5.26751184463501 0.020568699999999995 2.57321 6.025503635406494 -0.0262315 0.527949 -1.1282390356063843
0.0139569 1.19083 2.877700090408325 0.0178435 0.0392636 3.36568021774292 -0.022756100000000005 1.18456 -0.2213488519191742
0.0115955 -0.9861220000000002 -0.12375494837760925 0.0148244 -2.16269 -0.17967507243156433 -0.0189058 1.65025 0.8212433457374573
0.00922 -2.6214 -2.6743133068084717 0.0117875 -3.62732 -3.3637173175811768 -0.015032800000000002 1.81553 1.5714255571365356
0.007088789999999999 -3.72852 -4.316018581390381 0.0090628 -4.60779 -5.477937698364258 -0.0115579 1.84458 1.9930155277252197
0.005477499999999999 -4.44601 -5.235107898712158 0.007002809999999999 -5.12755 -6.554853439331055 -0.00893079 1.79868 2.144624710083008
0.00464408 -4.74242 -5.601379871368408 0.005937310000000001 -5.33465 -6.924929141998291 -0.00757194 1.75123 2.155219554901123
