0.00456526 1.83115 2.2712225914001465 -0.00306608 -0.331572 -0.295287162065506 0.00769239 1.48132 2.7278013229370117
0.00882648 3.2033 3.752591609954834 -0.00592797 -0.631334 -0.2924444377422333 0.014872499999999999 2.64068 4.625304222106934
0.012552499999999998 3.7872299999999997 4.462014198303223 -0.00843039 -0.929402 -0.43313923478126526 0.0211507 3.22361 5.811592102050781
0.015571000000000002 4.0898 4.824411392211914 -0.0104577 -1.10204 -0.5916083455085754 0.026237 3.46792 6.5530805587768555
0.0177869 4.23761 4.976633548736572 -0.0119459 -1.20997 -0.7525564432144165 0.0299706 3.58548 6.999077796936035
0.0191817 4.31116 4.9881272315979 -0.012882700000000002 -1.26512 -0.8766970038414001 0.0323209 3.64693 7.239691257476807
0.019806 4.34009 4.927262783050537 -0.0133019 -1.28642 -0.9785606861114502 0.0333728 3.67236 7.358221054077148
0.0197637 4.323 4.808825492858887 -0.0132735 -1.28334 -1.0343998670578003 0.0333015 3.65858 7.362215518951416
0.0191947 4.0931 4.623350143432617 -0.0128914 -1.24194 -1.062875509262085 0.0323427 3.47311 7.223036766052246
0.0182562 3.71388 4.278920650482178 -0.0122611 -1.17366 -1.0380536317825317 0.0307613 3.16719 6.842820167541504
0.0171063 3.24927 3.7622785568237305 -0.0114888 -1.09 -0.9409395456314087 0.0288238 2.79238 6.210147380828857
0.0158907 2.75812 3.0800375938415527 -0.010672400000000002 -1.00156 -0.8097447752952576 0.0267756 2.39615 5.382824897766113
0.014732399999999998 2.29011 2.2931408882141113 -0.00989445 -0.917287 -0.7041555047035217 0.0248238 2.01859 4.446553707122803
0.0137245 1.88287 1.5169230699539185 -0.00921753 -0.843956 -0.642047643661499 0.0231255 1.69006 3.5186407566070557
0.0129263 1.56036 0.8802566528320312 -0.00868147 -0.785884 -0.6119216084480286 0.0217806 1.42989 2.7431867122650146
0.0123623 1.33248 0.43754279613494873 -0.00830268 -0.74485 -0.5942499041557312 0.0208303 1.24605 2.198993444442749
0.012024299999999998 1.1959 0.16819997131824493 -0.00807566 -0.720257 -0.5864084959030151 0.0202607 1.13587 1.873307228088379
0.0118769 1.13636 0.031243175268173218 -0.00797669 -0.709536 -0.5831230878829956 0.0200124 1.08784 1.7162033319473267
0.0118662 1.13204 -0.009051303379237652 -0.00796952 -0.708759 -0.5828068852424622 0.0199944 1.08436 1.676496148109436
0.0119298 1.15773 0.006150694563984871 -0.00801221 -0.713383 -0.5824236273765564 0.0201015 1.10508 1.7023786306381226
0.0120073 1.18902 0.042472850531339645 -0.00806422 -0.719018 -0.5785408616065979 0.020232 1.13032 1.7500293254852295
0.012048999999999999 1.20587 0.07096727937459946 -0.00809223 -0.722052 -0.5710719227790833 0.0203023 1.14391 1.7855074405670166
0.0120214 1.19472 0.0708673745393753 -0.0080737 -0.720045 -0.5608996748924255 0.0202558 1.13492 1.7850847244262695
0.0119081 1.14895 0.03033156879246235 -0.00799762 -0.711803 -0.5484585165977478 0.020065 1.098 1.7356640100479126
0.0117068 1.06761 -0.05259420722723007 -0.00786242 -0.697157 -0.5334857106208801 0.0197257 1.03238 1.6346384286880493
