0.00300885 2.38242 2.442580461502075 -0.000723028 0.195424 0.2313251495361328 0.0008149 0.194425 0.25228351354599
0.0060177 4.62822 4.98403263092041 -0.00144606 0.353439 0.4587147533893585 0.0016298 0.406152 0.5398998260498047
0.00902655 6.3831 6.940948963165283 -0.00216908 0.359373 0.4115202724933624 0.0024447 0.650617 0.7353384494781494
0.0120354 7.6911 8.315376281738281 -0.00289211 0.222179 0.16996964812278748 0.0032596 0.8402560000000001 0.8563017249107361
0.0150442 8.59724 9.199642181396484 -0.00361514 -0.0861293 -0.2635638117790222 0.0040745 0.887313 0.9301133155822754
0.0180531 8.99899 9.74439525604248 -0.00433817 -0.622432 -0.7954013347625732 0.0048894 0.874579 0.9666892290115356
0.0210619 9.12188 10.115046501159668 -0.00506119 -1.28622 -1.3584102392196655 0.0057043 0.8623249999999999 0.9712122678756714
0.0240708 9.17284 10.357937812805176 -0.00578422 -1.97833 -1.9188053607940674 0.0065192 0.854062 0.988355278968811
0.0270796 9.20058 10.541550636291504 -0.00650725 -2.6674699999999993 -2.454448938369751 0.0073341 0.847797 0.9899538159370422
0.030088499999999997 9.21861 10.662109375 -0.00723028 -3.34035 -2.9749863147735596 0.008149 0.842285 0.9987015724182129
0.0330973 9.2317 10.759071350097656 -0.00795331 -3.99463 -3.471755266189575 0.0089639 0.8368300000000001 0.9995295405387878
0.0361062 9.24186 10.811774253845215 -0.00867633 -4.62626 -3.9610793590545654 0.0097788 0.8313080000000002 1.001935362815857
0.039115 9.25013 10.843413352966309 -0.00939936 -5.2284 -4.4224700927734375 0.0105937 0.825552 1.0098762512207031
0.0421239 9.25691 10.8517484664917 -0.0101224 -5.795629999999999 -4.864112377166748 0.0114086 0.82009 1.0188270807266235
0.0451327 9.26263 10.84403133392334 -0.0108454 -6.332150000000001 -5.275332450866699 0.0122235 0.8144079999999999 1.0346367359161377
0.0421239 6.87855 10.842538833618164 -0.0101224 -6.52812 -5.508185863494873 0.0114086 0.62055 1.047492265701294
0.039115 4.49447 10.876408576965332 -0.00939936 -6.72409 -5.580030918121338 0.0105937 0.42669199999999996 1.0659890174865723
0.0361062 2.1104 10.895222663879395 -0.00867633 -6.920059999999999 -5.520788192749023 0.0097788 0.23283399999999999 1.0843907594680786
0.0330973 -0.215123 10.940545082092285 -0.00795331 -7.09458 -5.334661960601807 0.0089639 0.0178788 1.0982071161270142
0.0361062 2.16895 10.937867164611816 -0.00867633 -6.89861 -5.358468055725098 0.0097788 0.211737 1.11642587184906
0.039115 4.55303 10.911532402038574 -0.00939936 -6.70264 -5.507667064666748 0.0105937 0.405595 1.1272265911102295
0.0421239 6.937109999999999 10.876465797424316 -0.0101224 -6.50667 -5.721241474151611 0.0114086 0.599453 1.1292307376861572
0.0451327 9.26227 10.830297470092773 -0.0108454 -6.32816 -5.9533371925354 0.0122235 0.8109950000000001 1.1336983442306519
0.0481416 9.26842 10.789935111999512 -0.0115684 -6.83889 -6.2100114822387695 0.0130384 0.8061290000000001 1.140183925628662
0.0511504 9.27252 10.732980728149414 -0.0122915 -7.32178 -6.4571967124938965 0.0138533 0.800321 1.1508903503417969
0.0541593 9.27612 10.683465003967285 -0.0130145 -7.77636 -6.710678577423096 0.0146682 0.793907 1.1553611755371094
0.0571681 9.2794 10.639549255371094 -0.0137375 -8.20086 -6.947332382202148 0.0154831 0.786617 1.1601768732070923
0.060176999999999994 9.28245 10.59994888305664 -0.0144606 -8.59232 -7.180839538574219 0.016298 0.778441 1.1590909957885742
0.0631858 9.28537 10.568758010864258 -0.0151836 -8.94742 -7.395874500274658 0.0171129 0.769171 1.161620855331421
0.0661947 9.28831 10.537503242492676 -0.0159066 -9.26369 -7.604547500610352 0.0179278 0.758359 1.166211724281311
