-0.000759409 -0.855516 -0.8875578045845032 -0.000604763 -0.816926 -0.9150398373603821 0.00304919 1.12513 1.03290855884552
-0.00151882 -1.68191 -1.8900507688522339 -0.00120953 -1.62127 -1.868112564086914 0.00609838 2.24069 2.1547043323516846
-0.00227823 -2.40328 -2.652988910675049 -0.00181429 -2.35437 -2.5893635749816895 0.00914757 3.30815 3.1813530921936035
-0.00303764 -2.85333 -3.2322769165039062 -0.00241905 -2.93187 -3.188159227371216 0.0121968 4.261 4.053022384643555
-0.00379705 -2.94931 -3.6555395126342773 -0.00302381 -3.29183 -3.65777325630188 0.015245999999999997 5.08227 4.7989091873168945
-0.00455645 -2.9381499999999994 -3.946765661239624 -0.00362858 -3.54428 -4.039755344390869 0.0182951 5.81963 5.417871952056885
-0.00531586 -2.87422 -4.1409125328063965 -0.00423334 -3.71784 -4.314817905426025 0.0213443 6.478860000000001 5.925393581390381
-0.00607527 -2.76747 -4.2630839347839355 -0.0048381 -3.82046 -4.508665561676025 0.0243935 7.06214 6.328200817108154
-0.00683468 -2.62688 -4.33522891998291 -0.00544287 -3.8607400000000003 -4.648435115814209 0.0274427 7.57452 6.652487277984619
-0.00759409 -2.4549500000000006 -4.361989498138428 -0.00604763 -3.83723 -4.749752044677734 0.0304919 8.01736 6.9094977378845215
-0.0083535 -2.26103 -4.34884786605835 -0.00665239 -3.75377 -4.819178104400635 0.0335411 8.38997 7.123230457305908
-0.00911291 -2.05821 -4.3079094886779785 -0.00725716 -3.63125 -4.8724141120910645 0.0365903 8.7179 7.307770252227783
-0.00987232 -1.85763 -4.2434186935424805 -0.00786192 -3.49098 -4.902581691741943 0.0396395 9.01622 7.463839054107666
-0.0106317 -1.66081 -4.186027526855469 -0.00846668 -3.34377 -4.931114673614502 0.0426887 9.29051 7.5957746505737305
-0.0113911 -1.468 -4.133694648742676 -0.00907144 -3.19361 -4.949389934539795 0.0457379 9.54339 7.711049556732178
-0.0106317 -0.61301 -4.081137180328369 -0.00846668 -2.37681 -4.99898624420166 0.0426887 8.41815 7.799716949462891
-0.00987232 0.241939 -4.049929141998291 -0.00786192 -1.56001 -5.060266017913818 0.0396395 7.29291 7.874037265777588
-0.00911291 1.09685 -4.021749973297119 -0.00725716 -0.743218 -5.1023454666137695 0.0365903 6.16766 7.923854827880859
-0.0083535 1.95171 -3.9971792697906494 -0.00665239 0.0735781 -5.15241003036499 0.0335411 5.0424 7.961053371429443
-0.00911291 1.0962 -3.944194793701172 -0.00725716 -0.743348 -5.12335205078125 0.0365903 6.16753 8.025413513183594
-0.00987232 0.240681 -3.859417676925659 -0.00786192 -1.5602699999999998 -5.084049224853516 0.0396395 7.29266 8.101388931274414
-0.0106317 -0.614836 -3.7887749671936035 -0.00846668 -2.3772 -5.042704105377197 0.0426887 8.41778 8.168414115905762
-0.0113911 -1.46861 -3.7211148738861084 -0.00907144 -3.1921 -5.005777835845947 0.0457379 9.54163 8.23265266418457
-0.0121505 -1.27773 -3.6641416549682617 -0.00967621 -3.0425199999999997 -4.972110271453857 0.048787 9.77644 8.289138793945312
-0.01291 -1.08993 -3.61434268951416 -0.010281 -2.89299 -4.930329322814941 0.0518362 9.99036 8.347721099853516
-0.0136694 -0.9079940000000001 -3.570917844772339 -0.0108857 -2.74854 -4.889922142028809 0.0548854 10.1862 8.392553329467773
-0.0144288 -0.736073 -3.524108409881592 -0.0114905 -2.61354 -4.838529109954834 0.0579346 10.3636 8.44658088684082
-0.0151882 -0.576472 -3.4916677474975586 -0.0120953 -2.49014 -4.790042400360107 0.0609838 10.523100000000001 8.490679740905762
-0.0159476 -0.430628 -3.4573521614074707 -0.0127 -2.38049 -4.739934921264648 0.064033 10.6646 8.536046028137207
-0.016707 -0.298843 -3.447567939758301 -0.0133048 -2.28537 -4.693565845489502 0.0670822 10.7888 8.573013305664062
