0.000397074 0.7915950000000002 0.7416440844535828 0.000734462 1.01691 1.0249052047729492 -0.00308916 -1.19559 -0.9492210149765015
0.000794149 1.55834 1.6278386116027832 0.00146892 2.01269 2.2298424243927 -0.00617832 -2.37422 -2.1412930488586426
0.00119122 2.22374 2.417652130126953 0.00220339 2.9218900000000003 3.319957733154297 -0.00926747 -3.47624 -3.2733733654022217
0.0015883 2.58721 3.005343198776245 0.00293785 3.5939 4.220499038696289 -0.0123566 -4.36418 -4.28439998626709
0.00198537 2.83846 3.3854775428771973 0.0036723100000000002 4.18602 4.90867805480957 -0.0154458 -5.14822 -5.160583019256592
0.00238245 2.99839 3.6367292404174805 0.00440677 4.72757 5.447399139404297 -0.0185349 -5.825279999999999 -5.895967960357666
0.00277952 3.06904 3.811666250228882 0.00514123 5.21799 5.907558917999268 -0.0216241 -6.3753 -6.498136520385742
0.00317659 3.02554 3.9570252895355225 0.00587569 5.62103 6.319830417633057 -0.0247133 -6.82009 -6.975313663482666
0.00357367 2.88469 4.041698455810547 0.00661016 5.93086 6.671347618103027 -0.027802399999999998 -7.18193 -7.372481822967529
0.00397074 2.69134 4.122621059417725 0.0073446200000000005 6.17395 7.015583515167236 -0.0308916 -7.48609 -7.6988701820373535
0.00436782 2.49827 4.1590986251831055 0.00807908 6.4037 7.32406759262085 -0.0339807 -7.75641 -7.985740661621094
0.00476489 2.31128 4.194518566131592 0.00881354 6.63485 7.610549449920654 -0.0370699 -7.99685 -8.235834121704102
0.00516197 2.13415 4.2181572914123535 0.009548 6.86792 7.893098831176758 -0.0401591 -8.20818 -8.451375961303711
0.00555904 1.97241 4.252893924713135 0.0102825 7.1015 8.131182670593262 -0.0432482 -8.39106 -8.645140647888184
0.00595611 1.8289600000000001 4.290134906768799 0.0110169 7.33083 8.356372833251953 -0.0463374 -8.54766 -8.810015678405762
0.00555904 1.03736 4.342414855957031 0.0102825 6.31392 8.551505088806152 -0.0432482 -7.35206 -8.940811157226562
0.00516197 0.245769 4.37568473815918 0.009548 5.29701 8.711211204528809 -0.0401591 -6.15647 -9.043757438659668
0.00476489 -0.545826 4.396605968475342 0.00881354 4.2801 8.822569847106934 -0.0370699 -4.96088 -9.127367973327637
0.00436782 -1.33742 4.3737616539001465 0.00807908 3.26319 8.866710662841797 -0.0339807 -3.76528 -9.18531322479248
0.00476489 -0.545826 4.338294506072998 0.00881354 4.2801 8.901008605957031 -0.0370699 -4.96088 -9.269631385803223
0.00516197 0.245769 4.289867401123047 0.009548 5.29701 8.944499015808105 -0.0401591 -6.15647 -9.343948364257812
0.00555904 1.03736 4.286739826202393 0.0102825 6.31392 8.979891777038574 -0.0432482 -7.35206 -9.429572105407715
0.00595611 1.8289600000000001 4.290312767028809 0.0110169 7.33083 9.035016059875488 -0.0463374 -8.54766 -9.498483657836914
0.00635319 1.7024699999999997 4.307870388031006 0.0117514 7.54738 9.074390411376953 -0.0494265 -8.67927 -9.570764541625977
0.00675026 1.59192 4.338630199432373 0.0124859 7.7511 9.117169380187988 -0.0525157 -8.7854 -9.63990592956543
0.00714734 1.49687 4.368487358093262 0.0132203 7.946980000000001 9.169397354125977 -0.055604799999999996 -8.86744 -9.696699142456055
0.007544409999999999 1.41654 4.398684978485107 0.0139548 8.14083 9.195262908935547 -0.058694 -8.92964 -9.758936882019043
0.00794149 1.35007 4.436011791229248 0.0146892 8.33301 9.25265121459961 -0.0617832 -8.97632 -9.806771278381348
0.00833856 1.29627 4.43991231918335 0.015423700000000002 8.52169 9.27957534790039 -0.0648723 -9.0111 -9.860125541687012
0.00873563 1.25337 4.474506855010986 0.0161582 8.70389 9.309998512268066 -0.0679615 -9.03716 -9.919604301452637
