-0.0014214200000000003 -1.30584 -1.9308029413223267 0.000686349 0.0453253 0.019175898283720016 -0.00116757 -0.390919 -0.3570028245449066
-0.00265015 -2.43467 -3.02875018119812 0.00127966 0.0845064 0.17659418284893036 -0.00217687 -0.728845 -0.7119047045707703
-0.00349959 -3.21503 -3.855814218521118 0.00168982 0.111592 0.28603124618530273 -0.0028746 -0.962455 -0.9352375268936157
-0.0038155799999999994 -3.50364 -4.105129718780518 0.0018424 0.121307 0.31930893659591675 -0.00313416 -1.04924 -1.0161986351013184
-0.00350025 -3.21395 -3.7404234409332275 0.00169013 0.111252 0.2580839991569519 -0.00287514 -0.9625210000000001 -0.9200584292411804
-0.00251588 -2.30962 -2.678605079650879 0.00121482 0.0798634 0.12138848751783371 -0.00206657 -0.691801 -0.6231024861335754
-0.000878863 -0.805709 -0.8860554695129395 0.000424369 0.0276632 0.024815943092107773 -0.000721908 -0.241588 -0.11877916753292084
0.00135458 1.24613 1.0524516105651855 -0.000654075 -0.0435554 -0.0657668486237526 0.00111267 0.372653 0.4579450786113739
0.00410715 3.7720200000000004 3.7490484714508057 -0.00198319 -0.130814 -0.2876053750514984 0.0033736600000000005 1.12947 1.2882568836212158
0.00729913 6.48125 6.457728385925293 -0.00352447 -0.23623100000000002 -0.7292495369911194 0.005995590000000001 1.9721600000000001 2.1628475189208984
0.0108623 8.95274 8.5975923538208 -0.005245 -0.354262 -1.2132283449172974 0.00892243 2.80062 2.893198251724243
0.0147459 10.7298 10.271490097045898 -0.00712021 -0.510494 -1.721105694770813 0.0121124 3.51586 3.5619590282440186
0.0189126 11.5701 11.536722183227539 -0.00913219 -0.90482 -2.288256883621216 0.0155351 3.9917700000000003 4.165985584259033
0.023328 11.9392 12.421805381774902 -0.0112642 -1.37722 -2.85699200630188 0.0191619 4.23348 4.6446146965026855
0.027944 12.1724 13.090761184692383 -0.0134931 -1.75499 -3.391256809234619 0.0229535 4.38474 5.028022289276123
0.0326858 12.338 13.541685104370117 -0.0157827 -2.06289 -3.7898664474487305 0.0268485 4.4895 5.309066295623779
0.0374435 12.4414 13.967182159423828 -0.01808 -2.31628 -4.121288776397705 0.030756499999999996 4.56724 5.520533084869385
0.0420741 12.5161 14.185976028442383 -0.020316 -2.52467 -4.34574031829834 0.0345602 4.62255 5.674334526062012
0.046414 12.5666 14.41370964050293 -0.0224115 -2.69516 -4.5880327224731445 0.038125 4.659 5.801053524017334
0.0502977 12.5973 14.481563568115234 -0.0242868 -2.8336 -4.767408847808838 0.0413151 4.68029 5.8599700927734375
0.05358000000000001 12.6137 14.5704345703125 -0.025871699999999997 -2.94314 -4.945411205291748 0.0440112 4.69044 5.932468891143799
0.056153 12.6215 14.601053237915039 -0.0271141 -3.02488 -5.0956268310546875 0.04612469999999999 4.69518 5.98964262008667
0.0579556 12.6248 14.568580627441406 -0.0279845 -3.07992 -5.183808326721191 0.04760539999999999 4.69778 6.014056205749512
0.05897 12.626 14.502484321594238 -0.0284744 -3.11005 -5.243375301361084 0.0484387 4.69917 6.033025741577148
0.0592085 12.6262 14.415855407714844 -0.0285895 -3.11707 -5.285621643066406 0.0486345 4.69949 6.038385391235352
