0.00147661 2.12449 2.190350294113159 0.00164521 2.28625 2.600811004638672 0.00853379 2.64213 3.06830096244812
0.00297505 3.51102 3.7137885093688965 0.00331474 3.9052899999999995 4.291110515594482 0.0171937 4.65073 5.310692310333252
0.00440986 4.00304 4.314953804016113 0.00491339 4.81578 5.326146602630615 0.025486 5.63255 6.721004486083984
0.005696790000000001 4.26081 4.528873443603516 0.00634727 5.52895 6.014845848083496 0.0329235 6.10855 7.617123126983643
0.00676145 4.39351 4.544060230255127 0.00753349 6.0269 6.488880157470703 0.0390765 6.37395 8.202906608581543
0.00754803 4.44734 4.436790943145752 0.00840989 6.31706 6.7647480964660645 0.0436224 6.51405 8.532094955444336
0.00802628 4.45827 4.291618824005127 0.00894274 6.46332 6.920608043670654 0.04638629999999999 6.58303 8.744840621948242
0.00819545 4.45834 4.130067825317383 0.00913123 6.5113 6.947373867034912 0.0473641 6.60562 8.809148788452148
0.00808433 4.2955 3.924576759338379 0.00900743 6.33654 6.852086067199707 0.0467219 6.4046 8.722111701965332
0.0077468400000000005 3.8009300000000006 3.6290090084075928 0.00863139 5.80575 6.562163829803467 0.044771399999999996 5.79408 8.401437759399414
0.00725387 3.07854 3.1539947986602783 0.00808214 5.03044 5.992465972900391 0.0419224 4.90231 7.737975120544434
0.00668263 2.24145 2.454084634780884 0.00744567 4.13203 5.133659362792969 0.038621 3.86895 6.739336967468262
0.00610526 1.39574 1.5480234622955322 0.00680238 3.22489 4.049260139465332 0.0352842 2.82453 5.474138259887695
0.00557885 0.629137 0.565106987953186 0.00621586 2.40587 2.8876006603240967 0.0322419 1.87148 4.139364242553711
0.00513865 -0.010169 -0.3395772874355316 0.00572539 1.72457 1.8275469541549683 0.0296978 1.07468 2.949856996536255
0.00479558 -0.508049 -0.9947285652160645 0.00534315 1.1946 1.0250407457351685 0.0277151 0.454051 2.09952712059021
0.00453843 -0.876137 -1.4015573263168335 0.005056639999999999 0.804906 0.49688926339149475 0.026229000000000002 -0.00571648 1.5486453771591187
0.00433996 -1.11847 -1.644389033317566 0.0048355 0.544186 0.167190819978714 0.0250819 -0.329228 1.1892261505126953
0.00416559 -1.31674 -1.8113974332809448 0.00464123 0.327697 -0.06741055101156235 0.024074299999999996 -0.603396 0.9104750156402588
0.00398283 -1.51715 -1.9625672101974487 0.0044376 0.115555 -0.28952333331108093 0.023018 -0.880885 0.6375319361686707
0.00376934 -1.74353 -2.128429651260376 0.00419973 -0.124294 -0.5461587905883789 0.0217842 -1.19895 0.32594358921051025
0.00351841 -1.99007 -2.3103644847869873 0.00392015 -0.396187 -0.8459740281105042 0.020334 -1.56308 -0.037369661033153534
0.00324064 -2.21804 -2.4952101707458496 0.00361066 -0.667405 -1.1705758571624756 0.0187286 -1.93321 -0.43271657824516296
0.0029620500000000004 -2.40738 -2.6650829315185547 0.00330026 -0.908723 -1.4900550842285156 0.0171186 -2.27822 -0.8233228921890259
0.0027192 -2.55281 -2.7983272075653076 0.00302968 -1.1017 -1.7585757970809937 0.0157151 -2.56553 -1.1410261392593384
