0.000797986 1.64953 1.7971093654632568 0.00211795 3.03515 3.412205457687378 0.0025454399999999995 0.779236 0.9140796661376953
0.00112087 2.31193 2.2603838443756104 0.00297491 4.24876 4.306763648986816 0.0035753800000000004 1.08466 1.3025990724563599
0.0009597839999999999 1.9789600000000003 1.6903126239776611 0.00254738 3.63607 3.444877862930298 0.00306155 0.92736 1.0613903999328613
0.00034806500000000005 0.714465 0.10415689647197723 0.0009238040000000001 1.30939 0.7850840091705322 0.00111027 0.330014 0.2992083430290222
-0.000640517 -1.32904 -1.761059045791626 -0.00170001 -2.4507 -2.7966063022613525 -0.00204314 -0.635339 -0.7274112701416016
-0.00189842 -3.8629800000000003 -4.291426181793213 -0.00503862 -7.06137 -7.259358882904053 -0.00605564 -1.77738 -2.17468523979187
-0.00329518 -6.03966 -6.625077247619629 -0.0087458 -11.0328 -11.008404731750488 -0.010511100000000002 -2.56868 -3.359025001525879
-0.00469114 -7.05237 -8.019651412963867 -0.0124508 -13.3048 -13.456480026245117 -0.014964 -3.13398 -3.993805170059204
-0.0059521 -7.37757 -8.912565231323242 -0.0157976 -14.6049 -14.946600914001465 -0.0189862 -3.43467 -4.331405162811279
-0.0069631400000000005 -7.50404 -9.424882888793945 -0.018481 -15.402899999999999 -15.673157691955566 -0.0222113 -3.61484 -4.42608642578125
-0.00763968 -7.559199999999999 -9.729572296142578 -0.0202766 -15.831 -16.03447723388672 -0.0243693 -3.71731 -4.475726127624512
-0.00793452 -7.578820000000001 -9.821389198303223 -0.021059099999999997 -15.992799999999999 -16.061199188232422 -0.0253098 -3.75736 -4.427116870880127
-0.00784031 -7.38433 -9.722227096557617 -0.0208091 -15.6346 -15.808403968811035 -0.0250093 -3.6654 -4.321193695068359
-0.007387359999999999 -6.4493 -9.265753746032715 -0.0196069 -13.9123 -14.967350959777832 -0.0235644 -3.2232 -4.035041332244873
-0.00663749 -4.90179 -8.158358573913574 -0.0176167 -11.0612 -13.080182075500488 -0.0211725 -2.49118 -3.4135313034057617
-0.00567526 -2.9206 -6.053475856781006 -0.0150628 -7.40651 -9.761480331420898 -0.0181031 -1.55355 -2.2956883907318115
-0.00459767 -0.711707 -3.0281624794006348 -0.0122027 -3.32486 -4.995648384094238 -0.0146658 -0.510501 -0.7617276310920715
-0.003504 1.42686 -0.26065781712532043 -0.00930002 0.464845 -0.19847136735916138 -0.0111772 0.289418 0.5701963901519775
-0.00248654 3.33314 1.7798367738723755 -0.006599569999999999 3.80444 3.5251500606536865 -0.00793165 0.974736 1.4389218091964722
-0.00162315 4.8463 3.263925075531006 -0.00430802 6.4018 6.319255828857422 -0.005177569999999999 1.54077 1.945872187614441
-0.000971629 5.64089 4.1577653884887695 -0.0025788099999999995 7.870019999999999 8.177141189575195 -0.00309933 1.92665 2.1145989894866943
-0.000566033 5.99489 4.507681846618652 -0.00150232 8.66786 8.969477653503418 -0.00180555 2.13444 2.0557541847229004
-0.000414551 6.1018 4.536072254180908 -0.00110027 8.92547 9.032404899597168 -0.00132235 2.19544 1.9376012086868286
-0.000498952 5.92734 4.493589878082275 -0.00132428 8.60445 8.887789726257324 -0.00159157 2.11302 1.9382243156433105
-0.00077555 5.35558 4.326655864715576 -0.0020584 7.55241 8.34223461151123 -0.00247388 1.84292 1.9896594285964966
