-0.00213993 -0.824779 -0.9481123685836792 0.00377222 2.4952 3.0161194801330566 0.0040323 0.968984 1.526540994644165
-0.00443122 -1.78115 -1.659830927848816 0.007811230000000001 4.54807 5.519493579864502 0.00834979 1.8885399999999999 3.0237486362457275
-0.006780270000000001 -2.84065 -2.164903402328491 0.0119521 5.31557 7.089977264404297 0.0127761 2.51799 4.004818439483643
-0.00906407 -3.72956 -2.658621311187744 0.0159779 5.73939 7.9335551261901855 0.0170795 2.92031 4.693097114562988
-0.0111484 -4.28255 -3.0852677822113037 0.0196521 5.97138 8.330619812011719 0.0210071 3.12236 5.17236328125
-0.0129063 -4.61962 -3.4036083221435547 0.022750800000000005 6.08254 8.464034080505371 0.024319399999999998 3.21413 5.493382453918457
-0.014234899999999998 -4.81618 -3.616138219833374 0.0250928 6.12994 8.500136375427246 0.0268229 3.24905 5.658959865570068
-0.0150691 -4.92043 -3.7469191551208496 0.026563300000000005 6.14988 8.48710823059082 0.0283948 3.25847 5.739567279815674
-0.0153884 -4.95704 -3.8188376426696777 0.0271263 6.1565 8.407383918762207 0.0289966 3.26004 5.7357892990112305
-0.0152181 -4.89168 -3.82765793800354 0.0268261 5.95596 8.227972984313965 0.0286756 3.18261 5.642637252807617
-0.0146235 -4.6635 -3.746859550476074 0.025777999999999995 5.2559 7.788649559020996 0.0275553 2.91231 5.395755290985107
-0.0137006 -4.30928 -3.5571258068084717 0.0241511 4.1693 6.8625288009643555 0.025816199999999997 2.49275 4.866119384765625
-0.0125635 -3.8727499999999995 -3.264737844467163 0.0221465 2.83045 5.385458946228027 0.0236734 1.97579 4.023970127105713
-0.011331199999999998 -3.39965 -2.9239518642425537 0.0199744 1.37975 3.4275400638580322 0.021351499999999995 1.41564 2.8999369144439697
-0.0101169 -2.93334 -2.5605320930480957 0.0178338 -0.0498312 1.2237788438796997 0.0190634 0.86364 1.6618707180023193
-0.00901853 -2.51116 -2.253981113433838 0.0158976 -1.34122 -0.690156102180481 0.0169937 0.364871 0.5697401762008667
-0.00811433 -2.12572 -2.0002100467681885 0.0143037 -2.16985 -1.9606404304504395 0.0152899 -0.0118352 -0.16521777212619781
-0.007461349999999999 -1.82293 -1.797234058380127 0.0131527 -2.61234 -2.6437835693359375 0.0140595 -0.255659 -0.5872782468795776
-0.00709673 -1.64862 -1.6951125860214233 0.0125099 -2.83261 -2.869323492050171 0.0133724 -0.384398 -0.7818188071250916
-0.00704048 -1.6216 -1.7124637365341187 0.012410800000000001 -2.86586 -2.784398078918457 0.0132664 -0.404137 -0.7982656955718994
-0.00729832 -1.72054 -1.8470481634140015 0.0128653 -2.56228 -2.456056833267212 0.013752299999999999 -0.286921 -0.6518024802207947
-0.00786337 -1.9373799999999999 -2.07623291015625 0.0138613 -1.89699 -1.8783248662948608 0.014817000000000002 -0.0300387 -0.33258897066116333
-0.00871649 -2.26475 -2.3469297885894775 0.0153652 -0.89252 -0.9929153919219971 0.0164246 0.357805 0.1780645251274109
-0.00982529 -2.69024 -2.604304790496826 0.0173197 0.412977 0.21299149096012115 0.0185139 0.861881 0.8677047491073608
-0.0111427 -3.19579 -2.8428735733032227 0.0196421 1.9641300000000002 1.6111745834350586 0.0209963 1.46081 1.6513197422027588
