-0.00727402 -3.9345899999999996 -4.5887298583984375 0.00675245 3.52498 3.3166322708129883 -0.00416524 -1.11061 -1.3180458545684814
-0.0147729 -6.74897 -7.031937599182129 0.0137136 6.06086 6.029140472412109 -0.00845923 -1.95222 -2.2468314170837402
-0.0223599 -8.13863 -8.350811004638672 0.0207566 7.17772 7.386542320251465 -0.012803699999999998 -2.41869 -2.837606430053711
-0.0298892 -8.59474 -8.974178314208984 0.0277461 7.735270000000001 7.995055198669434 -0.0171151 -2.59804 -3.1872100830078125
-0.0371995 -8.75449 -9.384998321533203 0.0345322 8.06221 8.286091804504395 -0.021301099999999996 -2.65588 -3.422961711883545
-0.0441144 -8.82095 -9.654600143432617 0.0409512 8.25639 8.481708526611328 -0.0252607 -2.66169 -3.5992753505706787
-0.0504419 -8.85682 -9.783998489379883 0.046825 8.37548 8.660317420959473 -0.028884 -2.64332 -3.6891353130340576
-0.055975 -8.88228 -9.85634708404541 0.0519614 8.45353 8.881114959716797 -0.0320523 -2.62135 -3.775174617767334
-0.060495200000000006 -8.90222 -9.85814094543457 0.0561574 8.50219 9.085846900939941 -0.0346407 -2.60193 -3.829995632171631
-0.0637828 -8.91672 -9.84726619720459 0.0592093 8.53005 9.235454559326172 -0.0365232 -2.58777 -3.849076271057129
-0.0656343 -8.9247 -9.808670043945312 0.0609281 8.54352 9.337246894836426 -0.0375834 -2.57996 -3.852527141571045
-0.0658859 -8.92576 -9.694038391113281 0.061161700000000006 8.54525 9.351073265075684 -0.0377275 -2.57892 -3.8293800354003906
-0.0644414 -8.12757 -9.399441719055176 0.0598207 7.8283 9.17757797241211 -0.0369003 -2.35371 -3.7405121326446533
-0.0612974 -6.39026 -8.696853637695312 0.0569021 6.26823 8.535425186157227 -0.0351 -1.86351 -3.4956696033477783
-0.056561700000000006 -3.77309 -7.2433953285217285 0.052506 3.9193199999999995 7.085954189300537 -0.0323883 -1.12505 -2.9994733333587646
-0.050456999999999995 -0.40655 -4.444398880004883 0.0468391 0.943667 4.4843926429748535 -0.0288926 -0.176626 -2.054997682571411
-0.0433077 3.01188 -0.3440309464931488 0.0402024 -2.1526 0.8955568671226501 -0.0247988 0.802742 -0.7204222679138184
-0.0355099 5.57498 3.6996877193450928 0.0329637 -4.47062 -2.737813949584961 -0.0203336 1.53198 0.6061016321182251
-0.0274891 7.16327 6.434502124786377 0.025518 -5.79468 -5.264204025268555 -0.0157408 2.11452 1.5957990884780884
-0.0196535 7.9817800000000005 7.755097389221191 0.0182443 -6.65694 -6.623375415802002 -0.011254 2.40196 2.2187469005584717
-0.0123522 8.37067 8.324943542480469 0.011466500000000001 -7.19245 -7.348130226135254 -0.00707312 2.53744 2.662322998046875
-0.00584699 8.56993 9.08348274230957 0.00542774 -7.57403 -7.584188938140869 -0.0033481 2.62161 2.9592196941375732
-0.000301853 8.66815 9.267736434936523 0.000280209 -7.829869999999999 -6.820887565612793 -0.000172847 2.65889 2.463374376296997
0.00420856 8.72175 8.410380363464355 -0.00390679 -7.99613 -5.6236066818237305 0.0024099 2.66917 2.25526762008667
0.00767728 8.75712 8.622251510620117 -0.00712679 -8.09958 -5.673130989074707 0.00439616 2.66694 2.638327121734619
