0.000212406 0.0272411 -0.3172021210193634 -0.00042277199999999997 -0.297514 -0.31024065613746643 -0.000244664 -0.0482294 -0.037969231605529785
0.000256184 0.0328557 -0.23686286807060242 -0.000509907 -0.358834 -0.2934210002422333 -0.000295091 -0.0581698 -0.053843386471271515
7.75715e-05 0.00994856 -0.25695469975471497 -0.000154398 -0.108653 -0.014051813632249832 -8.93522e-05 -0.0176136 0.011197659187018871
-0.000381782 -0.0489636 -0.2604495882987976 0.000759896 0.534756 0.6619965434074402 0.0004397630000000001 0.0866882 0.1532837450504303
-0.00117423 -0.150595 -0.30383509397506714 0.00233717 1.64472 1.9155511856079102 0.00135256 0.266623 0.44635024666786194
-0.00233524 -0.299825 -0.4783790111541748 0.00464805 3.268 3.706402063369751 0.0026898899999999995 0.530597 0.945874810218811
-0.0038744700000000005 -0.505258 -0.8226373791694641 0.00771171 5.27964 5.80980110168457 0.00446288 0.869475 1.5706087350845337
-0.00577039 -0.777992 -1.1402528285980225 0.0114853 7.25506 7.6804280281066895 0.006646739999999999 1.25127 2.0998780727386475
-0.00796954 -1.2114 -1.4494138956069946 0.0158625 8.43874 9.058907508850098 0.00917987 1.53667 2.514568328857422
-0.01039 -1.66081 -1.7556688785552979 0.0206803 8.86144 9.92195987701416 0.011968 1.57897 2.8441996574401855
-0.0129288 -1.8854 -2.0194509029388428 0.0257334 9.03945 10.393621444702148 0.014892299999999999 1.54754 3.0925934314727783
-0.015470799999999998 -2.02781 -2.2021162509918213 0.0307931 9.1314 10.621957778930664 0.0178204 1.50183 3.259281873703003
-0.0179001 -2.13857 -2.3535478115081787 0.0356283 9.1782 10.79042911529541 0.0206186 1.46219 3.399028778076172
-0.0201096 -2.22499 -2.4611258506774902 0.040026 9.20665 10.921489715576172 0.023163600000000003 1.43001 3.498931646347046
-0.0220099 -2.28982 -2.5318620204925537 0.0438084 9.22511 11.012928009033203 0.0253525 1.40447 3.5706262588500977
-0.023535999999999998 -2.33586 -2.594156265258789 0.046846 9.23746 11.065984725952148 0.0271105 1.38501 3.6080758571624756
-0.0246505 -2.36665 -2.639007091522217 0.0490642 9.24536 11.105696678161621 0.028394100000000002 1.3713 3.6235523223876953
-0.0253435 -2.38473 -2.666053056716919 0.050443499999999995 9.24985 11.113656044006348 0.029192400000000004 1.36299 3.624610185623169
-0.025630500000000004 -2.39202 -2.673799991607666 0.0510148 9.25162 11.053182601928711 0.029523000000000004 1.35958 3.584662675857544
-0.025548 -2.38144 -2.665771484375 0.0508506 9.13604 10.927545547485352 0.029428 1.34084 3.5317070484161377
-0.0251482 -2.33017 -2.6320040225982666 0.0500549 8.57611 10.662135124206543 0.028967499999999997 1.25007 3.4433648586273193
-0.024495 -2.24639 -2.5660698413848877 0.048754700000000005 7.661120000000001 10.16297721862793 0.028215 1.10175 3.3082644939422607
-0.02366 -2.1393 -2.4724583625793457 0.0470927 6.49154 9.35459041595459 0.027253199999999998 0.91215 3.1170008182525635
-0.0227206 -2.01882 -2.362457513809204 0.04522280000000001 5.17567 8.230169296264648 0.0261711 0.698836 2.8608486652374268
-0.0217575 -1.8952999999999998 -2.2599825859069824 0.0433059 3.82667 6.851516246795654 0.0250617 0.480153 2.537109613418579
