1106.3050537109375
1178.1640625
1100.2952880859375
1114.239990234375
1073.5838623046875
1107.677978515625
1144.997802734375
1092.4913330078125
1154.9141845703125
1145.1591796875
1119.052734375
1148.3968505859375
1159.586669921875
1155.57373046875
1194.5113525390625
1129.7196044921875
1139.9976806640625
1191.291015625
1129.857421875
1142.5301513671875
1204.377685546875
1109.319091796875
1195.8504638671875
1084.40673828125
1133.213623046875
1237.1680908203125
1166.0238037109375
1126.384765625
1154.4364013671875
1133.898193359375
1187.738525390625
1147.216796875
1146.39599609375
1264.8857421875
1220.7601318359375
1104.7484130859375
1176.244140625
1232.7130126953125
1140.242919921875
1195.3236083984375
1160.1318359375
1214.1749267578125
1226.4559326171875
1171.7337646484375
1148.31494140625
1161.6025390625
1094.7532958984375
1095.1431884765625
1102.7158203125
1152.0565185546875
1035.7784423828125
1132.5152587890625
1114.3111572265625
1202.39599609375
1156.5067138671875
1129.0775146484375
1188.82958984375
1123.1297607421875
1095.29736328125
1085.0185546875
1226.9224853515625
1131.974853515625
1120.4652099609375
1193.0313720703125
1233.78125
1163.949462890625
1082.2867431640625
1116.9605712890625
1212.840087890625
1111.6689453125
1168.9022216796875
1180.152099609375
1126.064208984375
1218.4488525390625
1115.7305908203125
1140.85693359375
1209.26708984375
1127.384765625
1101.102294921875
1100.9072265625
1110.849853515625
1186.2239990234375
1170.3685302734375
1075.282958984375
1072.9281005859375
1184.6739501953125
1156.5582275390625
1045.9376220703125
1184.313720703125
1144.12744140625
1168.068115234375
1122.6322021484375
1138.1512451171875
1115.5013427734375
1113.3492431640625
1117.3746337890625
1165.2386474609375
1145.595947265625
1099.6326904296875
1099.9559326171875
1073.5643310546875
1194.779541015625
1145.1424560546875
1186.1912841796875
1185.541015625
1072.57958984375
1129.879638671875
1144.9842529296875
1070.622802734375
1104.073974609375
1176.24267578125
1111.6776123046875
1163.796875
1147.19140625
1151.6788330078125
1142.6317138671875
1184.48828125
1153.665771484375
1120.8646240234375
1106.376220703125
1144.8704833984375
1180.970458984375
1207.4517822265625
1123.871337890625
1071.5626220703125
1157.81494140625
1144.7633056640625
1160.920654296875
1154.4088134765625
1126.0313720703125
1189.5888671875
1087.744873046875
1125.832275390625
1111.3406982421875
1096.207275390625
1118.3489990234375
1189.685546875
1167.1837158203125
1148.139892578125
1132.5482177734375
1184.272216796875
1239.8779296875
1230.9903564453125
1095.904296875
1191.9339599609375
1194.6004638671875
1137.7086181640625
1086.034423828125
1116.523681640625
1144.63037109375
1135.2745361328125
1142.3765869140625
1141.3826904296875
1074.32421875
1120.9163818359375
1170.617431640625
1185.689453125
1128.986572265625
1171.9063720703125
1214.322998046875
1115.0313720703125
1215.6533203125
1155.7216796875
1119.80908203125
1203.2926025390625
1138.7777099609375
1155.5889892578125
1049.519775390625
1149.2506103515625
1135.743896484375
1160.0863037109375
1125.9840087890625
1179.300048828125
1150.1900634765625
1124.13671875
1128.9852294921875
1156.9136962890625
1093.479248046875
1098.3482666015625
1132.696533203125
1119.2000732421875
1114.3055419921875
1127.998291015625
1130.16162109375
1043.9464111328125
1221.66015625
1105.64697265625
1224.0301513671875
1136.2506103515625
1080.7562255859375
1038.0091552734375
1166.4140625
1115.2357177734375
1123.647216796875
1095.8223876953125
1109.3160400390625
1144.171630859375
1140.498779296875
1173.5550537109375
1160.361328125
1123.966064453125
1170.6263427734375
1124.23876953125
1109.9217529296875
1161.3193359375
1161.5084228515625
1072.302734375
1129.7333984375
1186.787109375
1159.1746826171875
1106.822998046875
1147.3934326171875
1185.640380859375
1133.8778076171875
1187.7205810546875
1172.9976806640625
1170.594482421875
1147.514404296875
1177.22265625
1086.1002197265625
1139.907958984375
1143.140625
1170.6107177734375
1130.07666015625
1087.0369873046875
1094.6015625
1064.1949462890625
1108.87451171875
1155.1708984375
1150.81201171875
1144.4241943359375
1095.6839599609375
1178.233642578125
1132.497314453125
1138.3675537109375
1112.70166015625
1104.6885986328125
1166.7203369140625
1081.4122314453125
1134.3648681640625
1138.739013671875
1129.6612548828125
1104.552734375
1103.3326416015625
1180.786376953125
1106.110107421875
1102.3499755859375
1164.2432861328125
1116.2470703125
1099.7052001953125
1194.563232421875
1157.3153076171875
1101.830810546875
1207.197021484375
1155.40625
1065.665283203125
1081.360107421875
1126.5633544921875
1116.177978515625
1115.1370849609375
1133.5284423828125
1192.330810546875
1111.31787109375
1098.7509765625
1081.646240234375
1137.425537109375
1117.6165771484375
1139.1292724609375
1103.5621337890625
1134.7545166015625
1114.37353515625
1159.1531982421875
1101.20556640625
1157.9969482421875
1199.1243896484375
1189.3343505859375
1113.6494140625
1135.8970947265625
1120.9818115234375
1177.8814697265625
1244.0557861328125
1113.955810546875
1234.464111328125
1256.8004150390625
1162.7718505859375
1065.843017578125
1072.6016845703125
1064.2978515625
1165.6990966796875
1101.7733154296875
1121.003662109375
1116.9046630859375
1047.135986328125
1138.478515625
1129.35302734375
1118.5341796875
1136.3634033203125
1132.6607666015625
1202.4638671875
1093.2777099609375
1129.46435546875
1149.7869873046875
1170.492919921875
1126.08642578125
1169.669189453125
1178.8626708984375
1177.101318359375
1156.3909912109375
1120.4139404296875
1161.179443359375
1183.7432861328125
1182.9530029296875
1112.1556396484375
1114.0257568359375
1126.41064453125
1103.359375
1097.0615234375
1140.795654296875
1199.0618896484375
1157.145263671875
1172.584716796875
1071.7547607421875
1185.198974609375
1121.3240966796875
1140.8519287109375
1138.4381103515625
1125.503173828125
1146.749755859375
1173.9049072265625
1123.941650390625
1131.24853515625
1207.4605712890625
1141.970947265625
1110.6051025390625
1245.2601318359375
1152.42529296875
1140.735595703125
1137.3671875
1113.9737548828125
1055.2027587890625
1192.344970703125
1222.949951171875
1187.7437744140625
1084.5087890625
1184.7908935546875
1193.4573974609375
1163.7552490234375
1220.18408203125
1178.5340576171875
1089.5179443359375
1172.1337890625
1200.9906005859375
1128.331298828125
1052.3719482421875
1151.4013671875
1143.9566650390625
1078.06689453125
1141.4833984375
1085.3380126953125
1109.4107666015625
1178.935302734375
1129.8299560546875
1136.5584716796875
1136.7825927734375
1203.6583251953125
1175.4005126953125
1162.9449462890625
1191.3382568359375
1147.6138916015625
1147.4715576171875
1208.572509765625
1242.912841796875
1136.24462890625
1130.7449951171875
1150.80615234375
1155.503662109375
1103.2347412109375
1101.1358642578125
1117.101806640625
1108.8428955078125
1140.1083984375
1187.8956298828125
1219.66748046875
1177.176025390625
1099.4508056640625
1149.4490966796875
1153.82080078125
1136.8585205078125
1098.368408203125
1092.842529296875
1044.419189453125
1141.4393310546875
1114.2135009765625
1147.255126953125
1147.2244873046875
1119.5706787109375
1168.5599365234375
1107.1092529296875
1197.4442138671875
1135.6546630859375
1182.414306640625
1084.9022216796875
1132.5821533203125
1106.8017578125
1151.236328125
1129.8643798828125
1072.53955078125
1176.9833984375
1148.3494873046875
1100.2281494140625
1122.987548828125
1180.3631591796875
1041.9813232421875
1132.303466796875
1188.575439453125
1156.8023681640625
1139.750244140625
1115.6446533203125
1128.6839599609375
1089.342529296875
1167.7406005859375
1074.81884765625
1204.03662109375
1182.829833984375
1116.934326171875
1146.859619140625
1126.023681640625
1124.2501220703125
1091.172119140625
1081.2884521484375
1110.604248046875
1162.8714599609375
1070.5440673828125
1117.98583984375
1172.121337890625
1128.8682861328125
1164.833984375
1121.213623046875
1074.9102783203125
1131.7667236328125
1196.8265380859375
1116.1080322265625
1161.3240966796875
1155.1383056640625
1186.974609375
1108.6927490234375
1095.7672119140625
1150.94580078125
1201.7027587890625
1105.225830078125
1158.0704345703125
1133.1905517578125
1132.94580078125
1185.0333251953125
1136.6829833984375
1137.8175048828125
1194.9825439453125
1120.4993896484375
1163.6856689453125
1076.390625
1140.5538330078125
1138.80224609375
1100.4144287109375
1163.5264892578125
1143.1778564453125
1135.446044921875
1123.52392578125
1156.6414794921875
1196.38623046875
1213.549560546875
1106.6414794921875
1111.696533203125
1125.9893798828125
1176.45263671875
1085.164306640625
1126.3209228515625
1161.227783203125
1084.6441650390625
1049.492919921875
1137.8812255859375
1240.1552734375
1125.1043701171875
1143.240234375
1180.7174072265625
1162.2476806640625
1176.12255859375
1177.7520751953125
1063.7230224609375
1225.3310546875
1116.237548828125
1167.77783203125
1113.530029296875
1154.1658935546875
1109.82275390625
1122.0013427734375
1052.862548828125
1101.2886962890625
1148.4774169921875
1058.454345703125
1128.7481689453125
