1115.423095703125
1151.265380859375
1142.9061279296875
1097.7481689453125
1135.875
1137.80029296875
1150.346435546875
1133.6328125
1160.1978759765625
1160.0076904296875
1092.6292724609375
1149.0037841796875
1177.2501220703125
1141.5316162109375
1098.1571044921875
1126.6561279296875
1159.049560546875
1121.70068359375
1145.806640625
1100.2822265625
1149.4810791015625
1109.5855712890625
1124.2774658203125
1123.6151123046875
1138.9549560546875
1157.62646484375
1158.9534912109375
1172.63916015625
1163.802734375
1098.806884765625
1102.7706298828125
1132.1536865234375
1137.909912109375
1158.6881103515625
1124.5328369140625
1154.9488525390625
1165.44580078125
1180.6953125
1122.7918701171875
1114.1097412109375
1143.7703857421875
1147.8035888671875
1124.3184814453125
1174.9620361328125
1136.0262451171875
1133.71923828125
1166.142578125
1118.9639892578125
1133.364990234375
1106.7161865234375
1108.3248291015625
1156.97314453125
1143.00537109375
1112.2967529296875
1121.304931640625
1124.830810546875
1087.9530029296875
1133.5498046875
1119.937255859375
1128.2880859375
1142.910400390625
1145.2037353515625
1111.6817626953125
1118.3699951171875
1152.450439453125
1148.546875
1130.919921875
1160.135498046875
1154.9588623046875
1134.3084716796875
1170.0572509765625
1151.8184814453125
1159.0894775390625
1120.2261962890625
1134.5718994140625
1177.1719970703125
1107.7738037109375
1150.3787841796875
1114.812255859375
1141.9051513671875
1145.2952880859375
1156.3780517578125
1153.8665771484375
1092.537841796875
1137.4415283203125
1201.261962890625
1169.168701171875
1140.9959716796875
1144.18798828125
1098.932861328125
1170.4375
1126.6051025390625
1167.994140625
1125.6256103515625
1131.170166015625
1106.741455078125
1164.3734130859375
1180.2320556640625
1104.0074462890625
1163.0546875
1126.1661376953125
1170.0628662109375
1149.6031494140625
1137.6346435546875
1114.1986083984375
1082.369384765625
1146.7723388671875
1205.3604736328125
1094.9737548828125
1092.4700927734375
1158.9974365234375
1117.9530029296875
1150.193603515625
1148.954833984375
1086.6588134765625
1123.4537353515625
1183.247802734375
1132.2567138671875
1157.9747314453125
1131.443603515625
1112.3343505859375
1143.189453125
1180.5252685546875
1164.338134765625
1129.92236328125
1182.3878173828125
1111.9473876953125
1134.8658447265625
1135.6571044921875
1148.339599609375
1175.4774169921875
1142.7454833984375
1098.96240234375
1138.076416015625
1160.10595703125
1138.4111328125
1115.58642578125
1170.2489013671875
1122.0684814453125
1112.4671630859375
1172.2119140625
1173.5345458984375
1160.993896484375
1108.0372314453125
1131.14697265625
1103.6942138671875
1123.07177734375
1173.6510009765625
1120.986083984375
1172.7396240234375
1136.6162109375
1136.1092529296875
1091.514404296875
1155.304443359375
1175.1524658203125
1105.6644287109375
1143.360107421875
1156.1455078125
1128.0728759765625
1136.355712890625
1153.6451416015625
1162.447265625
1133.0601806640625
1133.1026611328125
1148.331298828125
1153.3394775390625
1160.4124755859375
1110.488037109375
1132.5159912109375
1122.422607421875
1144.1055908203125
1117.6895751953125
1142.2752685546875
1150.3052978515625
1203.8485107421875
1184.945068359375
1165.947265625
1155.4140625
1136.3648681640625
1175.5931396484375
1157.7833251953125
1146.4244384765625
1105.1402587890625
1158.4827880859375
1112.0322265625
1188.0438232421875
1149.3551025390625
1148.1561279296875
1118.915283203125
1113.273681640625
1152.2376708984375
1116.45703125
1129.2940673828125
1157.4183349609375
1140.8404541015625
1103.3270263671875
1154.67724609375
1139.388427734375
1181.093017578125
1145.45703125
1166.97802734375
1181.5487060546875
1141.568115234375
1139.804443359375
1136.40380859375
1108.3756103515625
1111.9244384765625
1105.1285400390625
1148.751953125
1112.357421875
1112.4112548828125
1131.0091552734375
1132.879150390625
1120.87158203125
1159.8211669921875
1148.2423095703125
1194.54296875
1108.099853515625
1151.1246337890625
1168.6768798828125
1136.015869140625
1126.4027099609375
1124.2940673828125
1123.31103515625
1130.50634765625
1144.49609375
1114.0252685546875
1102.2762451171875
1146.2120361328125
1111.033935546875
1105.755615234375
1128.551513671875
1127.2801513671875
1126.89892578125
1151.7008056640625
1174.6513671875
1127.0284423828125
1147.2259521484375
1095.3746337890625
1133.8763427734375
1117.7774658203125
1125.1339111328125
1111.0977783203125
1110.221435546875
1164.98974609375
1107.607177734375
1117.1947021484375
1170.1810302734375
1136.10400390625
1124.8944091796875
1156.146484375
1127.1256103515625
1144.76220703125
1135.4832763671875
1120.3359375
1137.6591796875
1116.087158203125
1144.0693359375
1120.5076904296875
1166.5333251953125
1124.5477294921875
1104.979736328125
1110.94287109375
1116.969970703125
1109.4189453125
1079.9119873046875
1109.2120361328125
1159.7574462890625
1153.6693115234375
1160.775390625
1140.038818359375
1172.212646484375
1130.9725341796875
1126.38330078125
1135.8885498046875
1163.5770263671875
1135.840087890625
1153.535888671875
1114.337890625
1171.5345458984375
1162.0784912109375
1115.447265625
1122.416748046875
1184.4107666015625
1127.477294921875
1133.8660888671875
1191.8035888671875
1156.3363037109375
1129.33984375
1116.2073974609375
1097.9703369140625
1120.2615966796875
1133.4459228515625
1125.2144775390625
1123.3836669921875
1144.3876953125
1144.970458984375
1159.7821044921875
1130.9669189453125
1118.456787109375
1123.51025390625
1105.725341796875
1147.9661865234375
1128.1478271484375
1140.5465087890625
1155.289306640625
1176.457275390625
1143.0220947265625
1133.7548828125
1153.2403564453125
1161.3345947265625
1123.916259765625
1127.557861328125
1140.847412109375
1124.115966796875
1118.7462158203125
1146.9310302734375
1137.302734375
1173.921875
1184.6395263671875
1135.4227294921875
1134.705322265625
1142.27197265625
1193.1319580078125
1165.1043701171875
1158.7232666015625
1122.1025390625
1159.8670654296875
1106.9473876953125
1120.747802734375
1109.9027099609375
1173.1651611328125
1127.59521484375
1120.90234375
1161.6646728515625
1120.707763671875
1127.1378173828125
1130.9921875
1094.5338134765625
1116.230712890625
1134.5799560546875
1163.125
1141.9117431640625
1167.3118896484375
1120.15625
1091.808837890625
1101.80224609375
1144.5277099609375
1139.5257568359375
1133.6956787109375
1172.4119873046875
1155.9520263671875
1138.1380615234375
1190.1231689453125
1142.030517578125
1167.2998046875
1153.2418212890625
1165.0150146484375
1156.1038818359375
1149.87939453125
1177.9903564453125
1162.463623046875
1157.094482421875
1136.3013916015625
1193.7919921875
1119.506591796875
1118.341552734375
1158.570068359375
1170.6878662109375
1122.83154296875
1155.3389892578125
1200.111083984375
1150.4193115234375
1130.830322265625
1179.7742919921875
1101.8677978515625
1106.4395751953125
1152.1156005859375
1146.0057373046875
1144.4771728515625
1108.75927734375
1067.541015625
1135.4716796875
1124.7579345703125
1138.4910888671875
1156.5087890625
1124.2115478515625
1181.39306640625
1116.6787109375
1116.833740234375
1123.85498046875
1116.907470703125
1154.8394775390625
1137.876708984375
1086.7867431640625
1167.7320556640625
1129.246337890625
1100.85791015625
1196.3948974609375
1163.09912109375
1183.6962890625
1189.6614990234375
1156.32177734375
1157.728515625
1149.80712890625
1169.67333984375
1104.1446533203125
1170.10205078125
1157.6380615234375
1146.9095458984375
1156.801513671875
1129.7138671875
1091.03271484375
1170.603759765625
1155.5823974609375
1172.39697265625
1115.37841796875
1151.1146240234375
1125.0853271484375
1157.5592041015625
1112.316650390625
1102.41015625
1174.50634765625
1172.3839111328125
1183.632080078125
1183.283447265625
1127.0396728515625
1102.9354248046875
1151.2138671875
1119.2513427734375
1135.6776123046875
1140.5069580078125
1139.50244140625
1169.6396484375
1189.72314453125
1178.70068359375
1171.7274169921875
1143.7427978515625
1143.4813232421875
1132.9879150390625
1151.107666015625
1142.4925537109375
1162.045166015625
1152.7886962890625
1184.407958984375
1156.664306640625
1124.9385986328125
1156.087158203125
1167.1400146484375
1131.649658203125
1147.2294921875
1132.5064697265625
1131.480712890625
1161.446044921875
1111.1322021484375
1137.1619873046875
1124.106689453125
1120.0445556640625
1156.7008056640625
1134.2001953125
1131.13427734375
1164.2340087890625
1135.335693359375
1124.9407958984375
1119.358642578125
1159.343994140625
1123.78955078125
1139.8824462890625
1151.01123046875
1145.768798828125
1153.956787109375
1132.5361328125
1093.651123046875
1140.368408203125
1137.0159912109375
1153.19775390625
1108.0863037109375
1173.2059326171875
1115.240966796875
1120.9000244140625
1118.39794921875
1128.6884765625
1091.334228515625
1111.022216796875
1093.9986572265625
1119.736083984375
1123.0272216796875
1137.753662109375
1132.3184814453125
1162.3917236328125
1141.0975341796875
1115.8250732421875
1109.688720703125
1142.6728515625
1124.1654052734375
1180.1383056640625
1111.826904296875
1110.1729736328125
1094.4053955078125
1139.788818359375
