1070.073974609375
1121.21826171875
1084.802001953125
1161.7718505859375
1126.2841796875
1122.27587890625
1147.7110595703125
1066.957763671875
1167.5743408203125
1099.3802490234375
1120.9573974609375
1075.2203369140625
1126.0888671875
1137.9002685546875
1063.037841796875
1146.59228515625
1086.9276123046875
1117.2979736328125
1111.3406982421875
1141.298095703125
1159.0074462890625
1114.9656982421875
1050.4814453125
1120.94873046875
1088.7047119140625
1130.43310546875
1136.0604248046875
1172.1497802734375
1144.85546875
1198.92724609375
1199.0784912109375
1056.16796875
1109.9039306640625
1150.9898681640625
1085.0260009765625
1164.49853515625
1155.7708740234375
1147.7861328125
1095.7889404296875
1055.0072021484375
1097.7962646484375
1167.065673828125
1092.669189453125
1150.0743408203125
1081.567138671875
1115.242431640625
1133.3919677734375
1126.880859375
1118.5260009765625
1116.9754638671875
1056.486328125
1092.182373046875
1131.614501953125
1110.76513671875
1096.0948486328125
1118.4842529296875
1102.690673828125
1233.4564208984375
1142.7021484375
1020.0809326171875
1088.8065185546875
1141.0084228515625
1137.2054443359375
1074.2762451171875
1125.89208984375
1104.718505859375
1090.123046875
1140.915771484375
1092.9881591796875
1081.825439453125
1087.043701171875
1084.249267578125
1131.6197509765625
1153.2852783203125
1091.3548583984375
1245.80078125
1028.44873046875
1067.732666015625
1141.327880859375
1127.921630859375
1089.906982421875
1129.27783203125
1135.755615234375
1106.210205078125
1077.837890625
1123.8260498046875
1095.6116943359375
1099.13720703125
1133.469482421875
1121.1199951171875
1099.19140625
1139.2650146484375
1125.3150634765625
1119.0799560546875
1159.59423828125
1036.638916015625
1150.4339599609375
1146.278564453125
1121.8929443359375
1124.6123046875
1130.8236083984375
1144.8206787109375
1093.7197265625
1110.6744384765625
1023.5487060546875
1022.7382202148438
1089.7431640625
1181.005615234375
1094.5782470703125
1088.1146240234375
1162.1212158203125
1102.421875
1116.247314453125
1125.187744140625
1145.681884765625
1154.122314453125
1132.74169921875
1082.18603515625
1120.0238037109375
1096.4307861328125
1103.0816650390625
1097.2730712890625
1169.543701171875
1125.9749755859375
1071.69091796875
1175.8314208984375
1094.52197265625
1121.7744140625
1077.5740966796875
1077.7220458984375
1156.8441162109375
1098.1365966796875
1097.8651123046875
1127.578125
1132.2646484375
1106.764892578125
1150.07421875
1091.304931640625
1107.1407470703125
1091.642822265625
1175.6627197265625
1148.4859619140625
1156.2257080078125
1113.4970703125
1160.347900390625
1088.866455078125
1093.2357177734375
1138.6201171875
1133.432373046875
1159.104248046875
1081.798095703125
1170.1710205078125
1094.515625
1187.74853515625
1115.5269775390625
1081.0272216796875
1062.3775634765625
1113.65673828125
1126.937744140625
1059.8592529296875
1131.2662353515625
1122.9398193359375
1096.5257568359375
1112.7176513671875
1122.059326171875
1180.805419921875
1121.392333984375
1092.84765625
1104.404296875
1123.8341064453125
1119.7081298828125
1041.2919921875
1096.42333984375
1078.7825927734375
1138.5946044921875
1173.028076171875
1187.55419921875
1097.41015625
1120.685791015625
1098.847900390625
1131.9466552734375
1136.0440673828125
1123.531005859375
1092.7813720703125
1084.20556640625
1149.46630859375
1146.15478515625
1138.9300537109375
1096.552978515625
1073.6402587890625
1166.236328125
1123.9647216796875
1115.8529052734375
1132.6796875
1110.947998046875
1130.7803955078125
1100.114990234375
1146.4276123046875
1175.435546875
1100.095458984375
1115.240478515625
1100.7696533203125
1118.1817626953125
1107.990234375
1130.1175537109375
1119.155029296875
1131.1864013671875
1090.8271484375
1169.4906005859375
1107.4920654296875
1077.7626953125
1099.21630859375
1098.6119384765625
1133.977783203125
1066.978515625
1107.733154296875
1093.35302734375
1055.410888671875
1105.1297607421875
1166.3663330078125
1082.190185546875
1104.9556884765625
1167.26806640625
1129.67236328125
1049.5906982421875
1195.7181396484375
1140.5523681640625
1085.4049072265625
1098.443359375
1078.5894775390625
1111.6832275390625
1073.9080810546875
1159.72314453125
1109.1151123046875
1127.349609375
1071.48779296875
1105.026611328125
1097.6676025390625
1099.308349609375
1149.5380859375
1085.3865966796875
1145.907958984375
1064.11767578125
1139.1158447265625
1128.2076416015625
1139.0052490234375
1120.1317138671875
1162.11572265625
1125.504150390625
1083.2548828125
1135.3978271484375
1164.06396484375
1153.97265625
1068.3603515625
1084.7410888671875
1113.3653564453125
1092.3641357421875
1093.18896484375
1079.1981201171875
1086.93212890625
1114.8736572265625
1105.46826171875
1118.72021484375
1169.0394287109375
1091.9541015625
1151.0535888671875
1123.560791015625
1096.326171875
1057.46435546875
1090.3507080078125
1134.28125
1136.4339599609375
1135.089599609375
1120.6109619140625
1102.569091796875
1091.798583984375
1166.55029296875
1095.7203369140625
1087.8699951171875
1118.4600830078125
1135.7867431640625
1124.057373046875
1121.8062744140625
1181.9093017578125
1151.3392333984375
1123.3726806640625
1195.2913818359375
1125.4248046875
1135.41943359375
1116.8162841796875
1118.612060546875
1125.2464599609375
1056.022216796875
1107.7957763671875
1130.3798828125
1033.2884521484375
1088.1492919921875
1170.968017578125
1117.6221923828125
1079.45166015625
1076.2606201171875
1121.17431640625
1107.1151123046875
1068.1611328125
1126.9700927734375
1103.90625
1115.8319091796875
1194.52880859375
1125.55029296875
1109.6046142578125
1167.8829345703125
1098.1624755859375
1148.06494140625
1130.232666015625
1092.501220703125
1135.3876953125
1072.416259765625
1080.4932861328125
1131.5059814453125
1117.1356201171875
1098.1448974609375
1128.3970947265625
1083.520751953125
1122.9073486328125
1085.439453125
1126.8062744140625
1059.2451171875
1146.6669921875
1095.374267578125
1141.0528564453125
1107.5740966796875
1151.0963134765625
1103.977294921875
1084.784423828125
1089.6512451171875
1123.0867919921875
1119.4932861328125
1120.21875
1101.4154052734375
1101.240966796875
1030.1939697265625
1127.952880859375
1115.9931640625
1068.76953125
1115.155517578125
1081.8896484375
1094.4949951171875
1138.9700927734375
1068.4725341796875
1164.0679931640625
1146.4154052734375
1151.8779296875
1086.953369140625
1159.7010498046875
1131.2445068359375
1192.1859130859375
1122.5281982421875
1064.3529052734375
1126.4775390625
1070.636962890625
1150.6163330078125
1092.88232421875
1102.2449951171875
1128.3016357421875
1183.042724609375
1092.108642578125
1066.333740234375
1164.1798095703125
1120.8143310546875
1140.087158203125
1095.2269287109375
1162.85302734375
1098.7154541015625
1121.7177734375
1138.7415771484375
1085.2191162109375
1122.2781982421875
1087.4769287109375
1094.05615234375
1129.6361083984375
1104.75732421875
1086.8309326171875
1102.9266357421875
1110.70654296875
1114.9359130859375
1145.722900390625
1107.0025634765625
1074.1053466796875
1213.3165283203125
1105.6900634765625
1092.54296875
1139.925048828125
1174.3890380859375
1118.667236328125
1060.186279296875
1104.2408447265625
1138.2669677734375
1158.0672607421875
1167.833251953125
1154.347412109375
1089.0802001953125
1089.6429443359375
1156.63330078125
1096.8206787109375
1147.4984130859375
1164.8779296875
1077.495361328125
1139.6734619140625
1077.063232421875
1098.6895751953125
1184.1319580078125
1104.827392578125
1104.6927490234375
1123.918701171875
1149.23974609375
1106.25927734375
1123.4571533203125
1128.99072265625
1094.2930908203125
1138.559326171875
1042.698486328125
1106.6553955078125
1141.254638671875
1159.8499755859375
1120.185791015625
1120.5472412109375
1141.9554443359375
1132.6453857421875
1157.0264892578125
1137.5723876953125
1087.7781982421875
1055.7236328125
1098.72802734375
1078.8984375
1114.6549072265625
1135.290771484375
1093.79052734375
1101.5035400390625
1092.5340576171875
1178.4215087890625
1048.413330078125
1162.5277099609375
1117.307861328125
1179.4156494140625
1131.961669921875
1127.6890869140625
1131.517578125
1139.7901611328125
1147.5467529296875
1124.83349609375
1141.5755615234375
1165.3115234375
1117.827880859375
1143.2354736328125
1124.83154296875
1143.1888427734375
1104.4039306640625
1091.7584228515625
1106.22314453125
1173.3729248046875
1092.6536865234375
1054.34130859375
1066.95068359375
1143.9796142578125
1092.152099609375
1113.14111328125
1138.947998046875
1121.462158203125
1118.18359375
1100.58984375
1177.6541748046875
1180.8162841796875
1123.5853271484375
1163.2674560546875
1157.3170166015625
1124.2476806640625
1086.47216796875
1107.9246826171875
1091.709228515625
1102.3228759765625
1110.294189453125
1157.7203369140625
1109.50341796875
1113.5848388671875
1165.6741943359375
1119.33740234375
1110.516357421875
1100.306640625
1116.6700439453125
1137.2774658203125
1131.312255859375
1120.894287109375
1105.1512451171875
1096.5718994140625
1053.7666015625
1092.0213623046875
1117.4141845703125
1153.99267578125
1123.47314453125
1134.838134765625
