-0.00254617 -3.59503 -3.8751070499420166 -0.00151657 -2.78041 -3.1917150020599365 -0.00120707 -0.528636 -0.5652203559875488
-0.00509234 -7.11566 -7.110572338104248 -0.00303314 -5.4804 -5.592810153961182 -0.00241414 -1.03167 -0.9307450652122498
-0.00763852 -10.2369 -10.199312210083008 -0.00454971 -7.8209 -7.788537979125977 -0.0036212099999999997 -1.38631 -1.2653104066848755
-0.0101847 -12.8201 -12.62298583984375 -0.006066289999999999 -9.69472 -9.46196460723877 -0.00482828 -1.65174 -1.4731860160827637
-0.0127309 -14.8552 -14.465814590454102 -0.007582859999999999 -11.2108 -10.81124496459961 -0.00603535 -1.79148 -1.596988558769226
-0.015277 -16.3262 -15.755692481994629 -0.00909943 -12.3566 -11.778566360473633 -0.007242419999999999 -1.78518 -1.6866470575332642
-0.0178232 -17.2864 -16.721172332763672 -0.010616 -13.1412 -12.57651424407959 -0.00844949 -1.69842 -1.7595747709274292
-0.0203694 -17.8551 -17.28353500366211 -0.0121326 -13.641 -13.104840278625488 -0.00965656 -1.64238 -1.751065731048584
-0.0229156 -18.1681 -17.806337356567383 -0.0136491 -13.8866 -13.606942176818848 -0.0108636 -1.62012 -1.8154374361038208
-0.0254617 -18.3531 -18.07648468017578 -0.0151657 -13.9459 -13.95279312133789 -0.0120707 -1.59788 -1.7838209867477417
-0.0280079 -18.4504 -18.457731246948242 -0.0166823 -13.9773 -14.325918197631836 -0.0132778 -1.58116 -1.8391097784042358
-0.030554099999999997 -18.5123 -18.6386661529541 -0.0181989 -14.0002 -14.510173797607422 -0.014484800000000003 -1.56911 -1.7939146757125854
-0.0331002 -18.5554 -18.946115493774414 -0.0197154 -14.0192 -14.81153678894043 -0.0156919 -1.55972 -1.8309704065322876
-0.0356464 -18.5851 -19.115812301635742 -0.021232 -14.0361 -15.042889595031738 -0.016899 -1.55252 -1.9067398309707642
-0.0381926 -18.6053 -19.24352264404297 -0.0227486 -14.0517 -15.16296100616455 -0.018106 -1.547 -1.8261027336120605
-0.0356464 -15.0092 -17.487783432006836 -0.021232 -11.2707 -13.807928085327148 -0.016899 -1.01801 -1.4469820261001587
-0.0331002 -11.4143 -14.186081886291504 -0.0197154 -8.4901 -11.374068260192871 -0.0156919 -0.48955200000000004 -0.9367147088050842
-0.030554099999999997 -7.82435 -9.621976852416992 -0.0181989 -5.71018 -7.968245983123779 -0.014484800000000003 0.0399327 -0.35457271337509155
-0.0280079 -4.29201 -4.596579551696777 -0.0166823 -3.0006 -4.2356438636779785 -0.0132778 0.544544 0.20142674446105957
-0.030554099999999997 -7.887980000000001 -5.468077182769775 -0.0181989 -5.78217 -4.6953444480896 -0.014484800000000003 0.0154439 0.011131473816931248
-0.0331002 -11.484 -8.16421890258789 -0.0197154 -8.56374 -6.6144022941589355 -0.0156919 -0.513656 -0.35730400681495667
-0.0356464 -15.079900000000002 -11.093151092529297 -0.021232 -11.3453 -8.761921882629395 -0.016899 -1.04276 -0.7097274661064148
-0.0381926 -18.5838 -13.855609893798828 -0.0227486 -14.0286 -10.920130729675293 -0.018106 -1.53852 -1.050095796585083
-0.0407388 -18.6234 -16.206377029418945 -0.0242651 -14.0552 -12.761963844299316 -0.0193131 -1.53449 -1.2936667203903198
-0.0432849 -18.6343 -17.971054077148438 -0.025781699999999998 -14.0704 -14.176665306091309 -0.0205202 -1.53045 -1.591538429260254
-0.0458311 -18.6417 -18.96718978881836 -0.027298299999999998 -14.0841 -14.999838829040527 -0.0217273 -1.5265 -1.917436957359314
-0.0483773 -18.6475 -19.17708969116211 -0.028814900000000004 -14.0964 -15.397683143615723 -0.0229343 -1.52234 -2.0436925888061523
-0.0509234 -18.6524 -19.37860870361328 -0.0303314 -14.1075 -15.647488594055176 -0.0241414 -1.5178 -2.00321888923645
-0.0534696 -18.6564 -19.51970672607422 -0.031848 -14.1177 -15.737032890319824 -0.0253485 -1.51307 -2.056365966796875
-0.0560158 -18.6599 -19.642431259155273 -0.0333646 -14.1273 -15.92758560180664 -0.026555500000000003 -1.50823 -2.101717472076416
