-0.000194981 -1.40739 -1.4762483835220337 -0.00303954 -3.8265699999999994 -3.925551176071167 0.000981407 0.237903 0.0902460440993309
-0.000389961 -2.78846 -2.7494876384735107 -0.0060790900000000005 -7.553829999999999 -7.274327754974365 0.00196281 0.45439 0.36649447679519653
-0.000584942 -4.06174 -4.0060553550720215 -0.00911863 -10.8283 -10.286321640014648 0.00294422 0.595095 0.45920687913894653
-0.000779922 -4.99813 -4.960099220275879 -0.0121582 -13.1605 -12.506067276000977 0.00392563 0.532728 0.4829869568347931
-0.000974903 -5.64646 -5.700708866119385 -0.0151977 -14.2199 -14.13578987121582 0.00490704 0.355657 0.46754956245422363
-0.00116988 -6.15054 -6.2420830726623535 -0.0182373 -14.8081 -15.288412094116211 0.00588844 0.150692 0.4718799889087677
-0.00136486 -6.60998 -6.656319618225098 -0.021276799999999995 -15.307700000000002 -16.101285934448242 0.00686985 -0.049829 0.45327916741371155
-0.00155984 -7.02921 -6.996113300323486 -0.024316299999999996 -15.7456 -16.768281936645508 0.00785126 -0.240546 0.42993637919425964
-0.00175483 -7.40263 -7.219602108001709 -0.0273559 -16.1311 -17.206830978393555 0.00883266 -0.411954 0.4263167381286621
-0.00194981 -7.717069999999999 -7.400635719299316 -0.0303954 -16.4576 -17.677419662475586 0.00981407 -0.54861 0.40008440613746643
-0.00214479 -7.961539999999999 -7.554035186767578 -0.033435 -16.7269 -17.91996192932129 0.0107955 -0.645018 0.3528573215007782
-0.00233977 -8.13131 -7.71927547454834 -0.0364745 -16.9468 -18.329404830932617 0.0117769 -0.706843 0.26569685339927673
-0.00253475 -8.23896 -7.838240146636963 -0.0395141 -17.1273 -18.556316375732422 0.0127583 -0.74411 0.20713986456394196
-0.00272973 -8.31103 -7.984283447265625 -0.04255359999999999 -17.2812 -18.869586944580078 0.0137397 -0.768413 0.1400502622127533
-0.00292471 -8.36456 -8.073370933532715 -0.0455931 -17.417 -18.954925537109375 0.014721100000000003 -0.786462 0.11949627101421356
-0.00272973 -6.95716 -7.653632164001465 -0.04255359999999999 -13.5904 -17.194841384887695 0.0137397 -1.02437 -0.026239581406116486
-0.00253475 -5.54977 -6.675426006317139 -0.0395141 -9.76383 -14.06148910522461 0.0127583 -1.26227 -0.27652302384376526
-0.00233977 -4.14271 -5.032456874847412 -0.0364745 -5.93738 -9.560911178588867 0.0117769 -1.50001 -0.6491082906723022
-0.00214479 -2.73771 -2.9594550132751465 -0.033435 -2.11375 -4.281045436859131 0.0107955 -1.73722 -1.0166409015655518
-0.00233977 -4.14511 -3.204932451248169 -0.0364745 -5.94032 -4.585808753967285 0.0117769 -1.49931 -1.0816324949264526
-0.00253475 -5.5525 -4.26699161529541 -0.0395141 -9.76689 -6.873929023742676 0.0127583 -1.26141 -0.9744529724121094
-0.00272973 -6.95989 -5.5280866622924805 -0.04255359999999999 -13.5935 -9.741402626037598 0.0137397 -1.02351 -0.7289392948150635
-0.00292471 -8.3648 -6.726752281188965 -0.0455931 -17.4143 -12.661482810974121 0.014721100000000003 -0.786198 -0.4295448660850525
-0.00311969 -8.40723 -7.6663336753845215 -0.04863270000000001 -17.5374 -15.152830123901367 0.0157025 -0.800446 -0.26466885209083557
-0.00331467 -8.44103 -8.27529525756836 -0.0516722 -17.6487 -17.173791885375977 0.0166839 -0.811349 -0.23891310393810272
-0.0035096500000000004 -8.46939 -8.493631362915039 -0.0547118 -17.7508 -18.657663345336914 0.0176653 -0.820187 -0.2406827211380005
-0.00370463 -8.49345 -8.557355880737305 -0.0577513 -17.8436 -18.657615661621094 0.0186467 -0.826433 -0.25803157687187195
-0.00389961 -8.5136 -8.653434753417969 -0.0607909 -17.928 -18.58942222595215 0.0196281 -0.830538 -0.16469402611255646
-0.00409459 -8.53042 -8.744741439819336 -0.0638304 -18.0055 -18.74014663696289 0.0206095 -0.833151 -0.2372235357761383
-0.00428957 -8.54436 -8.839821815490723 -0.0668699 -18.0766 -19.068933486938477 0.021591 -0.83462 -0.29138079285621643
