-0.00153609 -2.09813 -2.078352928161621 -0.000233739 -0.789699 -1.2206494808197021 -0.0027974599999999994 -0.986324 -1.0603991746902466
-0.00307219 -4.19414 -3.8268837928771973 -0.000467477 -1.57727 -1.9827979803085327 -0.005594919999999999 -1.9697099999999998 -2.044734477996826
-0.00460828 -6.20364 -5.719854354858398 -0.0007012160000000001 -2.29202 -2.828411340713501 -0.00839238 -2.874 -2.9294803142547607
-0.00614438 -8.05847 -7.4311203956604 -0.000934955 -2.91373 -3.531541109085083 -0.0111898 -3.68202 -3.682478427886963
-0.00768047 -9.68366 -8.91955280303955 -0.00116869 -3.38882 -4.079533576965332 -0.0139873 -4.34148 -4.314619064331055
-0.00921657 -10.9531 -10.175832748413086 -0.0014024299999999999 -3.62687 -4.50293493270874 -0.0167848 -4.76458 -4.804353713989258
-0.010752700000000002 -11.9801 -11.253503799438477 -0.00163617 -3.74842 -4.830005168914795 -0.0195822 -5.07936 -5.190505027770996
-0.0122888 -12.6526 -12.140036582946777 -0.00186991 -3.76404 -5.052173137664795 -0.0223797 -5.29212 -5.507378578186035
-0.0138248 -13.0511 -12.84937572479248 -0.00210365 -3.71752 -5.1851701736450195 -0.025177100000000004 -5.43644 -5.775303363800049
-0.0153609 -13.3372 -13.432333946228027 -0.00233739 -3.65019 -5.241338729858398 -0.0279746 -5.55386 -5.999405384063721
-0.016897 -13.5653 -13.874011993408203 -0.00257113 -3.57504 -5.269964694976807 -0.0307721 -5.65702 -6.207154273986816
-0.0184331 -13.7578 -14.267659187316895 -0.0028048599999999997 -3.49794 -5.305886745452881 -0.0335695 -5.75088 -6.441469669342041
-0.0199692 -13.9222 -14.547072410583496 -0.0030386 -3.4256 -5.312228679656982 -0.036367 -5.83623 -6.579789638519287
-0.0215053 -14.0581 -14.81690502166748 -0.00327234 -3.36484 -5.335412979125977 -0.0391644 -5.91251 -6.746083736419678
-0.0230414 -14.1587 -15.03661823272705 -0.00350608 -3.31973 -5.361318588256836 -0.041961899999999996 -5.98037 -6.901014804840088
-0.0215053 -12.0606 -14.065685272216797 -0.00327234 -2.53003 -5.0366950035095215 -0.0391644 -4.99405 -6.373050689697266
-0.0199692 -9.96242 -12.396051406860352 -0.0030386 -1.74033 -4.481176853179932 -0.036367 -4.00773 -5.593960285186768
-0.0184331 -7.864280000000001 -10.21174430847168 -0.0028048599999999997 -0.950632 -3.651251792907715 -0.0335695 -3.0214 -4.571303844451904
-0.016897 -5.76625 -7.647438049316406 -0.00257113 -0.161466 -2.5579051971435547 -0.0307721 -2.0351 -3.391853094100952
-0.0184331 -7.86438 -7.957544803619385 -0.0028048599999999997 -0.9511649999999999 -2.643380880355835 -0.0335695 -3.02143 -3.572551727294922
-0.0199692 -9.96252 -9.326089859008789 -0.0030386 -1.74086 -3.156233072280884 -0.036367 -4.00775 -4.209390640258789
-0.0215053 -12.0607 -11.051928520202637 -0.00327234 -2.53056 -3.820488929748535 -0.0391644 -4.99407 -5.012629508972168
-0.0230414 -14.1582 -12.632956504821777 -0.00350608 -3.31993 -4.454408168792725 -0.041961899999999996 -5.98009 -5.779216289520264
-0.024577499999999995 -14.2186 -13.957147598266602 -0.00373982 -3.29501 -4.948225498199463 -0.0447594 -6.03871 -6.46386194229126
-0.0261136 -14.2428 -14.810287475585938 -0.00397356 -3.28905 -5.230047225952148 -0.0475568 -6.08818 -6.947849750518799
-0.0276497 -14.2447 -15.158045768737793 -0.0042073 -3.29467 -5.321578025817871 -0.0503543 -6.13151 -7.22712516784668
-0.0291858 -14.2352 -15.303016662597656 -0.00444104 -3.30514 -5.332776069641113 -0.0531517 -6.17094 -7.317542552947998
-0.0307219 -14.2207 -15.486345291137695 -0.00467477 -3.31902 -5.3546833992004395 -0.0559492 -6.20677 -7.472780227661133
-0.032258 -14.2044 -15.583670616149902 -0.00490851 -3.33554 -5.367369174957275 -0.0587467 -6.23923 -7.578471660614014
-0.0337941 -14.1867 -15.72509479522705 -0.00514225 -3.35278 -5.368379592895508 -0.0615441 -6.26954 -7.672248363494873
