0.00168782 2.94727 2.534334421157837 0.00166593 2.83616 2.6322522163391113 -0.00222584 -0.713926 -0.6401572227478027
0.0032767 5.49229 4.898962497711182 0.0032342 5.33869 4.881838321685791 -0.00432119 -1.24496 -1.0682296752929688
0.00469412 7.50638 6.814738750457764 0.00463324 7.29857 6.581149578094482 -0.00619044 -1.56534 -1.3177602291107178
0.00591403 9.03441 8.314166069030762 0.00583733 8.69008 7.8172688484191895 -0.007799209999999999 -1.73559 -1.4589446783065796
0.006960509999999999 10.1365 9.456915855407715 0.0068702400000000005 9.54892 8.685650825500488 -0.00917927 -1.78426 -1.5166301727294922
0.00789887 11.0325 10.36418342590332 0.00779643 10.1279 9.316612243652344 -0.010416799999999999 -1.79892 -1.551329255104065
0.00882074 11.8462 11.15389633178711 0.00870634 10.5691 9.808753967285156 -0.011632499999999999 -1.80934 -1.5720871686935425
0.00982561 12.6576 11.940885543823242 0.00969817 10.9698 10.26721477508545 -0.012957700000000003 -1.81887 -1.5926201343536377
0.0110019 13.495 12.738131523132324 0.010859199999999998 11.3693 10.705718040466309 -0.0145089 -1.82843 -1.6120375394821167
0.012410300000000003 14.2653 13.538114547729492 0.0122493 11.7374 11.129598617553711 -0.0163662 -1.85326 -1.6279758214950562
0.0140725 14.906 14.360974311828613 0.01389 12.0445 11.573515892028809 -0.0185583 -1.89863 -1.6410958766937256
0.0159657 15.498400000000002 15.141667366027832 0.0157586 12.3194 11.982458114624023 -0.021055 -1.9453299999999998 -1.6371325254440308
0.0180242 16.0344 15.819737434387207 0.0177904 12.5526 12.35149097442627 -0.0237697 -1.99443 -1.6390312910079956
0.0201464 16.4991 16.370080947875977 0.0198851 12.7349 12.671594619750977 -0.0265683 -2.04139 -1.582743763923645
0.0222056 16.8774 16.859594345092773 0.0219176 12.8663 12.967395782470703 -0.0292839 -2.08259 -1.5364887714385986
0.024063300000000003 17.1629 17.25222396850586 0.0237512 12.9572 13.234122276306152 -0.0317338 -2.11647 -1.505003571510315
0.0255828 17.3581 17.565135955810547 0.025251 13.0191 13.43623161315918 -0.0337377 -2.14171 -1.473636269569397
0.0266418 17.4753 17.72683334350586 0.0262963 13.0577 13.541411399841309 -0.0351343 -2.15793 -1.426350712776184
0.0271443 17.5259 17.74883460998535 0.026792199999999995 13.075 13.535828590393066 -0.0357969 -2.16518 -1.3661279678344727
0.0270292 17.3243 17.615026473999023 0.0266787 12.8814 13.42086124420166 -0.0356452 -2.11589 -1.2800387144088745
0.0262774 16.0078 17.15174102783203 0.025936600000000004 11.6168 13.046351432800293 -0.0346537 -1.79439 -1.1297355890274048
0.0249135 13.6215 16.055727005004883 0.0245903 9.32444 12.104228973388672 -0.032855 -1.21186 -0.8568780422210693
0.023004199999999995 10.2853 14.169474601745605 0.0227058 6.12154 10.33130931854248 -0.0303371 -0.398543 -0.4847317636013031
0.020651 6.59284 11.184741020202637 0.0203832 2.42122 7.40116024017334 -0.027233800000000002 0.349218 -0.00455378508195281
0.0179789 2.60252 6.99013090133667 0.0177457 -1.64399 3.262572765350342 -0.0237099 1.08596 0.6274343132972717
