0.000544645 0.798224 0.33799901604652405 7.48398e-05 0.344908 0.21224811673164368 -6.9727e-05 0.000958186 -0.009506228379905224
0.00097909 1.43494 0.9077443480491638 0.000134537 0.62003 0.4509528875350952 -0.000125346 0.0017225 -0.007313089910894632
0.0014046400000000002 2.05861 1.4373016357421875 0.00019301099999999999 0.889517 0.6762476563453674 -0.000179826 0.00247116 -0.0011203140020370483
0.0019304 2.82917 2.1501035690307617 0.000265257 1.22247 0.969499409198761 -0.000247136 0.00339613 0.006047044415026903
0.00265647 3.8932799999999994 3.1496591567993164 0.000365026 1.68227 1.3707385063171387 -0.000340088 0.00467348 0.018826236948370934
0.00364625 5.34316 4.50442361831665 0.000501031 2.30888 1.901038646697998 -0.000466803 0.00662623 0.0369441881775856
0.00490447 7.16272 6.154539585113525 0.0006739250000000001 3.10089 2.535634994506836 -0.0006278840000000001 0.0114433 0.06158541887998581
0.00636654 9.22017 7.933261394500732 0.0008748270000000001 4.01637 3.2323644161224365 -0.000815062 0.0197095 0.09882275015115738
0.00790267 11.2564 9.625422477722168 0.00108591 4.96091 3.9280905723571777 -0.00101172 0.0400352 0.14954662322998047
0.00933759 12.9813 11.035440444946289 0.0012830800000000002 5.80759 4.552389621734619 -0.00119542 0.0743104 0.2040822058916092
0.0104829 14.2217 12.031064987182617 0.00144046 6.45192 5.026009559631348 -0.00134205 0.106449 0.25291791558265686
0.0111771 14.9125 12.547386169433594 0.00153584 6.82345 5.292314529418945 -0.0014309199999999998 0.120692 0.2934654653072357
0.0113257 15.0543 12.557722091674805 0.00155626 6.90108 5.316595077514648 -0.00144995 0.123088 0.3211180865764618
0.010934899999999997 14.4816 12.055153846740723 0.0015025699999999997 6.6536 5.110069274902344 -0.00139992 0.122401 0.3279412090778351
0.010130999999999998 13.3034 11.119169235229492 0.00139211 6.14454 4.714193820953369 -0.0012970000000000002 0.12098599999999998 0.30930596590042114
0.00916136 11.8823 10.00972843170166 0.00125886 5.53047 4.237306118011475 -0.00117286 0.119281 0.27130430936813354
0.00837377 10.728 9.143172264099121 0.00115064 5.03171 3.870547294616699 -0.00107203 0.11789500000000001 0.23253676295280457
0.00817649 10.4389 9.002806663513184 0.00112353 4.90678 3.8185691833496094 -0.00104678 0.117548 0.2068156599998474
0.00898276 11.6205 10.030982971191406 0.00123432 5.41737 4.252781391143799 -0.00115 0.118966 0.20555530488491058
0.0111484 14.7945 12.350319862365723 0.00153191 6.78883 5.23984432220459 -0.00142725 0.12277599999999998 0.24006545543670654
0.014913000000000001 17.8743 15.090520858764648 0.0020492 8.66199 6.595073699951172 -0.00190921 0.179114 0.28498655557632446
0.0203546 20.1565 17.356220245361328 0.0027969299999999996 10.8003 7.896373748779297 -0.00260585 0.328001 0.31815069913864136
0.0273668 21.8123 19.091434478759766 0.00376048 12.5243 9.044878959655762 -0.00350357 0.601591 0.3367263376712799
0.0356624 22.7483 20.297800064086914 0.00490038 13.369 10.00001335144043 -0.0045656 0.722128 0.33900755643844604
0.0448025 23.1504 21.28710174560547 0.00615632 13.6408 10.924558639526367 -0.00573574 0.623032 0.31717950105667114
