-0.000936092 -1.24964 -1.4916588068008423 -5.86699e-05 -0.57511 -0.4768925905227661 0.00150739 0.833049 0.5751234292984009
-0.0012853199999999997 -1.71584 -1.6257429122924805 -8.05576e-05 -0.789664 -0.5376462936401367 0.00206974 1.14383 0.6705484390258789
-0.00100576 -1.34264 -1.2194994688034058 -6.30361e-05 -0.61791 -0.37812674045562744 0.00161957 0.895045 0.4730437994003296
-0.00012484 -0.166656 -0.24650301039218903 -7.82442e-06 -0.0766986 -0.006919569801539183 0.000201031 0.111098 0.012529496103525162
0.0012637 1.68698 1.180402398109436 7.920279999999998e-05 0.776383 0.6247093677520752 -0.00203493 -1.12459 -0.6865524649620056
0.0030056 4.0065 3.215137481689453 0.00018837700000000002 1.8424 1.5049374103546143 -0.00483992 -2.67189 -1.6276847124099731
0.00490173 6.42654 5.068937301635742 0.000307218 2.9433 2.2498233318328857 -0.00789326 -4.29673 -2.499631643295288
0.00673158 8.45457 6.487974643707275 0.000421904 3.82021 2.837364435195923 -0.0108399 -5.69445 -3.23897123336792
0.00828089 9.8764 7.372524738311768 0.000519008 4.38225 3.2633187770843506 -0.0133347 -6.69098 -3.775465250015259
0.00936874 10.7367 7.853726863861084 0.000587189 4.7137 3.5383505821228027 -0.0150865 -7.2972 -4.105406284332275
0.00986954 11.0921 8.03196907043457 0.000618577 4.8475 3.6648683547973633 -0.0158929 -7.549169999999999 -4.241589546203613
0.00972657 10.9013 7.883434772491455 0.000609616 4.75966 3.619854211807251 -0.0156627 -7.42193 -4.177424907684326
0.00895556 9.872 7.360513210296631 0.000561293 4.28598 3.393932819366455 -0.014421099999999997 -6.7358 -3.886763572692871
0.00763913 8.11463 6.397822856903076 0.00047878500000000007 3.4772 2.968843936920166 -0.012301299999999998 -5.56427 -3.3437857627868652
0.00591424 5.81197 4.950226306915283 0.000370677 2.41747 2.32462215423584 -0.0095237 -4.02925 -2.560452938079834
0.00395612 3.19798 3.0281028747558594 0.000247951 1.21445 1.479209542274475 -0.00637054 -2.28668 -1.6231616735458374
0.00196151 0.53526 0.837479293346405 0.000122938 -0.0109834 0.4927988052368164 -0.00315862 -0.511633 -0.6614478230476379
0.000133033 -1.90567 -1.0910849571228027 8.33791e-06 -1.13435 -0.445042222738266 -0.000214224 1.11557 0.2802180051803589
-0.0013347700000000003 -3.73775 -2.520564079284668 -8.365709999999998e-05 -1.9338099999999998 -0.9739007353782654 0.00214938 2.35182 1.0685573816299438
-0.00226869 -4.82601 -3.5149714946746826 -0.000142191 -2.38628 -1.3375062942504883 0.00365327 3.09995 1.592443585395813
-0.00253066 -5.13019 -3.651014804840088 -0.00015861 -2.51229 -1.3669650554656982 0.00407513 3.30918 1.681838035583496
-0.002033 -4.46583 -2.8822028636932373 -0.000127419 -2.20654 -1.0400806665420532 0.00327374 2.8663 1.2979940176010132
-0.000754657 -2.7593 -1.2244378328323364 -4.72984e-05 -1.42116 -0.38123413920402527 0.00121522 1.72867 0.48898911476135254
0.00124377 -0.0914928 0.8066750168800354 7.79537e-05 -0.193383 0.45706939697265625 -0.00200284 -0.0497701 -0.5328009128570557
0.00380993 3.33421 3.803715229034424 0.00023878899999999997 1.3832 1.731168270111084 -0.00613513 -2.33345 -1.9293283224105835
