1109.4625244140625
1165.0911865234375
1132.0626220703125
1148.9136962890625
1140.232177734375
1130.565185546875
1158.431396484375
1070.3548583984375
1142.2491455078125
1145.6007080078125
1213.2646484375
1116.1702880859375
1121.575439453125
1150.600830078125
1111.16015625
1170.8553466796875
1119.1224365234375
1165.140380859375
1138.6373291015625
1154.2935791015625
1177.8316650390625
1138.1995849609375
1106.3328857421875
1141.0283203125
1106.276123046875
1145.1171875
1167.104736328125
1167.9964599609375
1190.41650390625
1235.2314453125
1192.74072265625
1102.772705078125
1160.2926025390625
1177.7686767578125
1096.4185791015625
1156.413330078125
1152.887451171875
1153.4141845703125
1103.8387451171875
1076.8099365234375
1146.6300048828125
1151.7255859375
1104.574462890625
1123.426025390625
1105.40087890625
1134.1787109375
1131.2322998046875
1152.585205078125
1129.206298828125
1103.6533203125
1060.489501953125
1122.425537109375
1137.069580078125
1152.2039794921875
1115.9820556640625
1142.134765625
1120.7952880859375
1199.1055908203125
1170.7420654296875
1060.4208984375
1121.4652099609375
1184.3447265625
1124.828857421875
1135.1781005859375
1139.3438720703125
1139.8170166015625
1107.5865478515625
1192.09326171875
1117.659912109375
1134.491943359375
1124.5191650390625
1087.4500732421875
1149.0880126953125
1187.651611328125
1176.749267578125
1248.6771240234375
1035.5731201171875
1095.1396484375
1157.94580078125
1128.927490234375
1112.243408203125
1154.684326171875
1157.2801513671875
1109.575927734375
1070.085205078125
1158.3079833984375
1131.6356201171875
1135.0797119140625
1158.825439453125
1124.527099609375
1085.7176513671875
1134.2427978515625
1172.532958984375
1125.887451171875
1177.0379638671875
1067.8538818359375
1163.6915283203125
1172.1451416015625
1110.905517578125
1115.9771728515625
1149.5123291015625
1166.98583984375
1108.2259521484375
1108.5377197265625
1035.239013671875
1081.3485107421875
1123.5423583984375
1198.2210693359375
1113.9798583984375
1156.302978515625
1183.074462890625
1145.05322265625
1156.0379638671875
1117.3546142578125
1188.94873046875
1154.7789306640625
1152.0634765625
1108.3916015625
1138.481201171875
1121.5638427734375
1122.100341796875
1131.289794921875
1190.7974853515625
1132.7322998046875
1091.4112548828125
1178.6705322265625
1121.705078125
1149.5753173828125
1073.33203125
1102.670166015625
1133.11767578125
1120.136962890625
1106.7857666015625
1150.674072265625
1129.2371826171875
1128.214599609375
1169.325439453125
1107.565673828125
1148.034912109375
1080.54345703125
1240.298828125
1167.20751953125
1182.601318359375
1148.85498046875
1171.77392578125
1091.8592529296875
1110.347412109375
1160.732177734375
1153.98291015625
1162.144775390625
1096.953857421875
1178.51025390625
1133.0767822265625
1206.0892333984375
1143.858154296875
1092.64892578125
1081.68115234375
1140.6446533203125
1158.669677734375
1069.959716796875
1119.4346923828125
1126.532958984375
1132.742919921875
1119.093017578125
1138.98095703125
1209.9991455078125
1140.70703125
1120.644287109375
1116.2357177734375
1141.2825927734375
1109.6810302734375
1094.88232421875
1097.423828125
1111.5595703125
1148.29443359375
1185.9757080078125
1205.26611328125
1117.444091796875
1156.3046875
1148.4320068359375
1162.21484375
1194.1910400390625
1131.931884765625
1133.89794921875
1082.66162109375
1173.8778076171875
1182.87841796875
1165.8004150390625
1064.2034912109375
1099.0184326171875
1167.8587646484375
1186.6990966796875
1115.6956787109375
1194.3853759765625
1120.1356201171875
1141.3468017578125
1131.5955810546875
1151.5755615234375
1190.6199951171875
1118.168701171875
1120.548095703125
1127.3282470703125
1115.8602294921875
1085.385986328125
1132.488037109375
1147.10791015625
1145.1337890625
1107.9732666015625
1199.4014892578125
1127.1287841796875
1110.4796142578125
1130.2501220703125
1129.09716796875
1143.738037109375
1077.238525390625
1139.148193359375
1128.3570556640625
1076.7938232421875
1127.5726318359375
1169.865478515625
1095.052978515625
1147.057373046875
1194.78466796875
1143.456298828125
1086.3016357421875
1230.5064697265625
1139.263671875
1096.796875
1131.217041015625
1088.017578125
1105.0941162109375
1114.246826171875
1144.80810546875
1119.4056396484375
1130.81591796875
1107.5889892578125
1150.805908203125
1094.7625732421875
1145.801025390625
1138.4925537109375
1115.8314208984375
1170.4539794921875
1116.7464599609375
1157.4429931640625
1155.7222900390625
1147.010009765625
1153.3453369140625
1190.35498046875
1158.147705078125
1105.9239501953125
1145.16162109375
1184.3138427734375
1167.7554931640625
1069.3101806640625
1080.541748046875
1150.82470703125
1103.1131591796875
1119.0399169921875
1103.3134765625
1095.6383056640625
1135.4512939453125
1115.5643310546875
1131.7884521484375
1194.9295654296875
1125.4208984375
1162.931640625
1128.6607666015625
1138.40869140625
1087.2718505859375
1126.9525146484375
1171.87890625
1183.8797607421875
1140.0267333984375
1143.9786376953125
1152.5130615234375
1185.6865234375
1152.420654296875
1113.2099609375
1085.661865234375
1134.003173828125
1133.011474609375
1129.1962890625
1145.771484375
1220.0582275390625
1188.5439453125
1153.2237548828125
1208.8790283203125
1123.0863037109375
1169.3955078125
1138.7750244140625
1121.0341796875
1133.14404296875
1073.8616943359375
1132.6044921875
1137.9390869140625
1081.107177734375
1119.6285400390625
1168.5538330078125
1136.27978515625
1115.86328125
1076.7978515625
1146.673095703125
1188.8587646484375
1099.306396484375
1149.72265625
1132.0908203125
1148.6522216796875
1192.2197265625
1147.6505126953125
1145.26513671875
1174.1947021484375
1168.29638671875
1161.10400390625
1153.1668701171875
1096.1893310546875
1162.622314453125
1159.2657470703125
1105.014404296875
1162.58203125
1150.37841796875
1130.5914306640625
1181.1116943359375
1112.609130859375
1148.77587890625
1107.1541748046875
1133.89697265625
1099.0130615234375
1191.7696533203125
1133.689453125
1162.1239013671875
1099.825927734375
1128.812255859375
1120.953125
1097.3076171875
1194.611328125
1123.1717529296875
1151.7989501953125
1128.947998046875
1136.010986328125
1145.8060302734375
1056.2432861328125
1135.066162109375
1150.8626708984375
1075.733642578125
1084.7098388671875
1155.05908203125
1118.7288818359375
1137.99267578125
1122.75537109375
1160.3248291015625
1166.347900390625
1142.022705078125
1138.3956298828125
1195.5582275390625
1211.1651611328125
1195.87353515625
1114.5032958984375
1111.6822509765625
1135.449462890625
1099.932373046875
1167.8455810546875
1102.1123046875
1107.5745849609375
1167.677490234375
1168.7867431640625
1102.2266845703125
1119.850341796875
1182.3369140625
1134.724853515625
1247.527587890625
1131.7642822265625
1185.4051513671875
1143.36865234375
1132.78955078125
1145.4854736328125
1110.162353515625
1146.5010986328125
1161.1868896484375
1122.398193359375
1133.1248779296875
1136.7841796875
1115.8875732421875
1125.5711669921875
1105.154052734375
1177.720947265625
1136.1435546875
1135.5341796875
1100.246337890625
1209.9747314453125
1119.1466064453125
1114.31787109375
1145.1881103515625
1184.511962890625
1119.3031005859375
1124.6624755859375
1128.84912109375
1154.963623046875
1167.5743408203125
1173.78076171875
1176.10009765625
1128.958251953125
1114.97998046875
1213.767333984375
1112.8675537109375
1199.5037841796875
1187.6636962890625
1095.9149169921875
1172.2423095703125
1093.854736328125
1083.6708984375
1148.8206787109375
1125.0538330078125
1118.8841552734375
1155.4163818359375
1154.7508544921875
1118.001953125
1124.7830810546875
1138.60791015625
1099.7032470703125
1176.3902587890625
1087.116943359375
1150.5794677734375
1210.4373779296875
1183.8330078125
1138.4896240234375
1101.60693359375
1135.684326171875
1147.4451904296875
1165.799560546875
1138.0745849609375
1153.8355712890625
1098.5517578125
1086.788818359375
1119.1182861328125
1139.976806640625
1143.2611083984375
1144.355224609375
1139.8148193359375
1117.1571044921875
1204.6529541015625
1116.3988037109375
1195.312744140625
1160.460205078125
1179.0494384765625
1135.1636962890625
1119.906494140625
1129.125732421875
1157.898681640625
1156.5950927734375
1129.49560546875
1189.1319580078125
1200.1072998046875
1219.7657470703125
1176.9918212890625
1127.629638671875
1151.8319091796875
1123.81787109375
1102.5428466796875
1124.363525390625
1196.17529296875
1112.724853515625
1066.75
1127.880615234375
1130.2828369140625
1110.836181640625
1133.839111328125
1142.336669921875
1133.22998046875
1136.8917236328125
1127.101318359375
1179.499267578125
1166.811767578125
1160.123779296875
1196.821044921875
1202.87060546875
1151.1663818359375
1110.7425537109375
1125.73681640625
1141.0897216796875
1141.2486572265625
1128.9132080078125
1170.6124267578125
1129.35302734375
1118.328369140625
1183.893310546875
1107.56201171875
1139.9434814453125
1104.421875
1157.90380859375
1156.38623046875
1130.1641845703125
1126.4927978515625
1103.876953125
1209.1744384765625
1074.642822265625
1094.4124755859375
1126.6861572265625
1184.1348876953125
1110.6644287109375
1173.738525390625
