1079.794189453125
1172.255859375
1069.6683349609375
1075.77294921875
1053.7672119140625
1096.4044189453125
1137.06494140625
1074.09912109375
1120.64208984375
1130.914794921875
1063.7174072265625
1146.884033203125
1121.5775146484375
1100.7926025390625
1131.3739013671875
1071.10791015625
1099.1898193359375
1136.9722900390625
1122.60400390625
1092.4854736328125
1157.5152587890625
1111.160888671875
1147.4619140625
1069.56689453125
1094.7857666015625
1211.0142822265625
1130.945068359375
1108.005126953125
1100.8720703125
1111.6031494140625
1128.5189208984375
1133.8529052734375
1165.5572509765625
1237.9178466796875
1222.002685546875
1079.3192138671875
1150.747802734375
1212.931884765625
1097.6094970703125
1165.7708740234375
1147.575439453125
1199.86279296875
1210.3238525390625
1178.46923828125
1112.9581298828125
1130.3472900390625
1074.346435546875
1091.627685546875
1114.593017578125
1153.4219970703125
1034.8114013671875
1097.23388671875
1095.2542724609375
1189.4381103515625
1116.7374267578125
1131.9364013671875
1197.0517578125
1097.27392578125
1046.2156982421875
1063.183837890625
1215.838623046875
1114.102783203125
1112.676025390625
1134.2801513671875
1158.908203125
1070.723388671875
1066.7840576171875
1093.0120849609375
1153.7003173828125
1090.522705078125
1103.8326416015625
1143.20458984375
1086.2890625
1230.426025390625
1102.3905029296875
1108.2518310546875
1192.63623046875
1115.4161376953125
1081.7310791015625
1088.62744140625
1073.1729736328125
1177.338623046875
1119.8271484375
1095.4259033203125
1086.7646484375
1138.9605712890625
1146.7979736328125
1014.0654907226562
1172.00537109375
1137.3936767578125
1157.86083984375
1089.867919921875
1101.78271484375
1117.9007568359375
1073.95654296875
1138.3575439453125
1154.193603515625
1144.5908203125
1083.070068359375
1112.1588134765625
1096.8634033203125
1084.3765869140625
1173.5831298828125
1101.507080078125
1167.2381591796875
1098.8974609375
1112.9844970703125
1141.4674072265625
1034.74609375
1094.9163818359375
1175.0006103515625
1070.2099609375
1135.0360107421875
1145.7174072265625
1121.226318359375
1100.488037109375
1151.176513671875
1128.4271240234375
1067.9427490234375
1052.774169921875
1115.0145263671875
1159.59228515625
1207.37255859375
1071.233154296875
1055.5665283203125
1130.6441650390625
1117.16845703125
1135.9822998046875
1166.8084716796875
1092.2735595703125
1153.5499267578125
1032.33203125
1074.869384765625
1078.7667236328125
1072.74365234375
1101.7747802734375
1159.1966552734375
1128.3448486328125
1090.70361328125
1094.61181640625
1163.7608642578125
1213.08447265625
1203.241943359375
1081.8388671875
1206.3262939453125
1178.2584228515625
1157.15625
1060.5596923828125
1112.2315673828125
1121.732666015625
1085.2130126953125
1094.369384765625
1129.1082763671875
1074.29248046875
1110.375
1140.58935546875
1166.7945556640625
1128.6839599609375
1142.970947265625
1173.160888671875
1046.70703125
1157.675048828125
1129.65673828125
1119.2591552734375
1192.3768310546875
1110.01123046875
1099.0445556640625
1043.322265625
1124.123046875
1091.4583740234375
1128.79931640625
1103.818115234375
1169.470947265625
1106.527587890625
1089.9171142578125
1117.2777099609375
1123.956298828125
1005.8695678710938
1064.6046142578125
1128.1053466796875
1120.7086181640625
1098.8760986328125
1079.7845458984375
1108.7799072265625
999.4264526367188
1228.2603759765625
1065.0557861328125
1190.571533203125
1094.4166259765625
1066.1505126953125
1007.66064453125
1065.65771484375
1096.0155029296875
1123.250244140625
1054.5250244140625
1088.44140625
1172.3946533203125
1116.073486328125
1145.3775634765625
1154.1519775390625
1145.5726318359375
1153.7784423828125
1084.369873046875
1073.9591064453125
1126.5216064453125
1137.287353515625
1065.1378173828125
1102.6829833984375
1199.06640625
1133.1068115234375
1090.294921875
1123.4268798828125
1153.343017578125
1089.9832763671875
1148.97265625
1171.0732421875
1165.593994140625
1150.5457763671875
1155.2044677734375
1075.484619140625
1182.246826171875
1127.498291015625
1185.5516357421875
1120.8076171875
1058.1383056640625
1067.68701171875
1091.7777099609375
1095.275390625
1132.203125
1113.1678466796875
1118.49609375
1067.563232421875
1161.4183349609375
1111.1553955078125
1138.6475830078125
1088.2427978515625
1055.27685546875
1151.5623779296875
1062.3856201171875
1076.1427001953125
1122.8092041015625
1135.2535400390625
1096.2689208984375
1098.3914794921875
1108.3009033203125
1066.632080078125
1087.4527587890625
1118.588134765625
1110.9881591796875
1074.4326171875
1190.45654296875
1139.4521484375
1072.268310546875
1187.87744140625
1104.142578125
1052.5848388671875
1089.0452880859375
1092.1259765625
1089.56884765625
1055.978515625
1128.3994140625
1163.936767578125
1104.7408447265625
1100.71240234375
1048.18994140625
1086.877685546875
1061.0311279296875
1132.7344970703125
1110.5020751953125
1099.284912109375
1098.3106689453125
1152.5693359375
1132.8359375
1155.42236328125
1213.486572265625
1172.3642578125
1122.57568359375
1110.9930419921875
1112.892822265625
1137.9139404296875
1179.8958740234375
1119.2296142578125
1197.4808349609375
1195.354736328125
1139.96435546875
1047.8165283203125
1036.07666015625
1085.4036865234375
1149.98779296875
1083.656005859375
1117.54296875
1100.6055908203125
1044.0758056640625
1099.523681640625
1135.3507080078125
1067.7720947265625
1141.81298828125
1149.8336181640625
1161.58935546875
1070.3431396484375
1087.9212646484375
1106.2874755859375
1166.3515625
1113.714599609375
1125.35205078125
1152.8154296875
1177.2889404296875
1142.4627685546875
1090.1038818359375
1142.421142578125
1174.6260986328125
1149.6339111328125
1089.125
1077.6783447265625
1094.296630859375
1037.45947265625
1075.0419921875
1117.7626953125
1172.298828125
1156.37353515625
1182.066162109375
1042.5552978515625
1161.1820068359375
1097.429443359375
1124.349365234375
1128.3702392578125
1128.7841796875
1137.86181640625
1170.683837890625
1082.9041748046875
1115.8623046875
1194.855712890625
1084.9442138671875
1088.052001953125
1187.880615234375
1148.948974609375
1146.6068115234375
1106.271728515625
1097.6441650390625
1045.4462890625
1112.754150390625
1122.335205078125
1172.7677001953125
1106.54150390625
1175.7025146484375
1146.9365234375
1160.8292236328125
1114.44873046875
1154.992919921875
1071.7960205078125
1140.43505859375
1152.7779541015625
1114.892333984375
1089.4866943359375
1099.7901611328125
1147.642333984375
1083.5181884765625
1090.555908203125
1072.426025390625
1087.8480224609375
1104.16015625
1095.3138427734375
1100.287109375
1130.8385009765625
1154.8260498046875
1122.107177734375
1120.22705078125
1169.0634765625
1121.0118408203125
1125.575439453125
1178.729248046875
1172.6690673828125
1126.8184814453125
1090.6624755859375
1155.9853515625
1126.5980224609375
1067.1695556640625
1090.2247314453125
1105.3148193359375
1066.595947265625
1114.747802734375
1164.0780029296875
1196.951904296875
1144.26025390625
1103.5997314453125
1082.59814453125
1144.94482421875
1134.302490234375
1076.3289794921875
1070.39404296875
1009.7091064453125
1077.1201171875
1088.677001953125
1158.6871337890625
1125.152099609375
1092.7130126953125
1130.4609375
1091.898681640625
1172.9483642578125
1107.3895263671875
1113.786376953125
1067.804931640625
1130.6732177734375
1137.6483154296875
1124.9686279296875
1097.7877197265625
1078.5877685546875
1162.3104248046875
1104.7513427734375
1067.63818359375
1101.2978515625
1146.660400390625
1059.13134765625
1113.360595703125
1130.71875
1153.1328125
1140.9034423828125
1107.9156494140625
1117.143798828125
1090.8572998046875
1092.308837890625
1033.8565673828125
1154.5262451171875
1153.0400390625
1111.9219970703125
1128.044677734375
1066.7061767578125
1069.67041015625
1091.365478515625
1082.1441650390625
1106.4716796875
1078.5032958984375
1054.9468994140625
1081.386474609375
1101.3900146484375
1113.5838623046875
1114.7073974609375
1080.4248046875
1067.4613037109375
1105.76953125
1103.834716796875
1094.01513671875
1156.95263671875
1123.161376953125
1138.3714599609375
1056.7720947265625
1056.017578125
1116.6072998046875
1169.558837890625
1091.376953125
1133.8070068359375
1103.1204833984375
1103.930908203125
1148.4212646484375
1097.6051025390625
1142.8267822265625
1127.19189453125
1107.336669921875
1180.731201171875
1066.1917724609375
1048.04296875
1119.3740234375
1067.60693359375
1115.6353759765625
1135.2017822265625
1137.447998046875
1093.0269775390625
1131.34228515625
1158.2508544921875
1169.2891845703125
1081.4766845703125
1099.50634765625
1126.4583740234375
1162.422119140625
1086.66552734375
1109.8970947265625
1130.41943359375
1077.0780029296875
1032.7093505859375
1118.9896240234375
1201.4490966796875
1125.6060791015625
1143.5147705078125
1160.493896484375
1142.382080078125
1132.5889892578125
1161.12353515625
1021.1702880859375
1200.57470703125
1049.53564453125
1152.189697265625
1091.6546630859375
1174.366943359375
1084.8021240234375
1084.78759765625
1047.8179931640625
1096.227294921875
1146.607177734375
1038.1873779296875
1068.300537109375
