0.000837328 -0.440439 -0.390638142824173 -0.00306151 -3.2573199999999995 -3.044274091720581 0.000407508 0.09349160000000001 0.16404028236865997
0.00167466 -0.878157 -0.8495544791221619 -0.00612301 -6.463 -6.216798305511475 0.000815016 0.179134 0.3244009017944336
0.00251198 -1.28488 -1.1840139627456665 -0.00918452 -9.40304 -8.907437324523926 0.00122252 0.228923 0.43031445145606995
0.00334931 -1.61995 -1.3730361461639404 -0.012246 -11.8265 -11.044794082641602 0.00163003 0.2179 0.4941965341567993
0.00418664 -1.76357 -1.46108877658844 -0.015307499999999998 -13.567299999999998 -12.593950271606445 0.00203754 0.11281 0.5537472367286682
0.00502397 -1.7888899999999999 -1.4505960941314697 -0.018369 -14.776499999999999 -13.702643394470215 0.00244505 -0.041774 0.5785506367683411
0.0058613 -1.724 -1.3609800338745117 -0.0214305 -15.621899999999998 -14.547257423400879 0.00285256 -0.20860900000000002 0.589992880821228
0.00669863 -1.59888 -1.199679970741272 -0.024492 -16.2384 -15.17065715789795 0.00326007 -0.356107 0.583486020565033
0.00753595 -1.44648 -1.0274466276168823 -0.0275536 -16.7231 -15.619294166564941 0.00366757 -0.466851 0.5541130900382996
0.00837328 -1.26355 -0.8451877236366272 -0.0306151 -17.092 -15.956731796264648 0.00407508 -0.537289 0.5131099224090576
0.00921061 -1.06134 -0.6790187358856201 -0.0336766 -17.3624 -16.21541404724121 0.00448259 -0.575781 0.46628037095069885
0.0100479 -0.85121 -0.5152601599693298 -0.0367381 -17.5505 -16.402528762817383 0.0048901 -0.585769 0.4228394329547882
0.0108853 -0.64327 -0.3730102479457855 -0.0397996 -17.6808 -16.563398361206055 0.00529761 -0.573998 0.3864262104034424
0.0117226 -0.444223 -0.2314596325159073 -0.0428611 -17.7726 -16.68056297302246 0.00570511 -0.548224 0.36131441593170166
0.0125599 -0.265618 -0.10845251381397247 -0.0459226 -17.8436 -16.780214309692383 0.00611262 -0.52215 0.3432660698890686
0.0117226 0.17473 -0.052676159888505936 -0.0428611 -14.5863 -16.902626037597656 0.00570511 -0.615576 0.34593597054481506
0.0108853 0.614813 -0.07224436104297638 -0.0397996 -11.3292 -17.045822143554688 0.00529761 -0.708776 0.36714139580726624
0.0100479 1.05461 -0.12603501975536346 -0.0367381 -8.07246 -17.201824188232422 0.0048901 -0.8016809999999999 0.3964386284351349
0.00921061 1.49378 -0.22519773244857788 -0.0336766 -4.81662 -17.360389709472656 0.00448259 -0.894156 0.43366697430610657
0.0100479 1.05334 -0.25733253359794617 -0.0367381 -8.07394 -17.482019424438477 0.0048901 -0.800664 0.4546131193637848
0.0108853 0.612904 -0.2433387190103531 -0.0397996 -11.3313 -17.570186614990234 0.00529761 -0.707172 0.4608460068702698
0.0117226 0.172466 -0.19201013445854187 -0.0428611 -14.588599999999998 -17.619577407836914 0.00570511 -0.613681 0.4632801413536072
0.0125599 -0.266766 -0.11824839562177658 -0.0459226 -17.8383 -17.659982681274414 0.00611262 -0.520949 0.4595782160758972
0.0133973 -0.110139 -0.024617338553071022 -0.0489841 -17.8997 -17.686595916748047 0.00652013 -0.502249 0.45297956466674805
0.0142346 0.0235807 0.0649840459227562 -0.0520456 -17.9472 -17.712032318115234 0.0069276400000000005 -0.488876 0.45341894030570984
0.0150719 0.139069 0.1695163995027542 -0.055107100000000006 -17.9865 -17.73172950744629 0.00733515 -0.48177900000000007 0.4589112401008606
0.0159092 0.238098 0.2626514136791229 -0.0581686 -18.0191 -17.7529296875 0.007742660000000001 -0.480576 0.4672957956790924
0.0167466 0.32235 0.3556899428367615 -0.0612301 -18.0472 -17.765703201293945 0.00815016 -0.483886 0.47673386335372925
0.0175839 0.394192 0.4370661675930023 -0.0642916 -18.0717 -17.79643440246582 0.00855767 -0.49061 0.49198198318481445
0.0184212 0.455353 0.514163613319397 -0.0673531 -18.0931 -17.814685821533203 0.00896518 -0.499887 0.5047497749328613
