0.00212043 1.70952 1.909827470779419 -0.0018712 -1.42784 -1.2531694173812866 -0.00149747 -0.407753 -0.44593292474746704
0.00424086 3.40596 3.8150696754455566 -0.0037423899999999995 -2.85574 -2.6918885707855225 -0.00299494 -0.814141 -0.9777096509933472
0.00636128 4.97101 5.462379455566406 -0.00561359 -4.2299 -4.07181453704834 -0.00449241 -1.20336 -1.4688395261764526
0.00848171 6.32709 6.821613311767578 -0.007484779999999999 -5.52067 -5.29014253616333 -0.00598988 -1.5537500000000002 -1.9097521305084229
0.0106021 7.3064 7.864905834197998 -0.00935598 -6.67048 -6.264647006988525 -0.00748735 -1.83702 -2.2963762283325195
0.0127226 7.96331 8.598840713500977 -0.0112272 -7.53224 -7.0146870613098145 -0.00898482 -2.04224 -2.6365647315979004
0.014843000000000002 8.43865 9.169320106506348 -0.0130984 -8.10267 -7.577495574951172 -0.0104823 -2.18708 -2.943446159362793
0.0169634 8.78923 9.592060089111328 -0.0149696 -8.56079 -8.023283004760742 -0.0119798 -2.30122 -3.2212893962860107
0.0190838 9.04825 9.918703079223633 -0.0168408 -8.91677 -8.36713695526123 -0.0134772 -2.39239 -3.471047878265381
0.0212043 9.2269 10.17174243927002 -0.018712 -9.1921 -8.621142387390137 -0.0149747 -2.46381 -3.6817774772644043
0.0233247 9.34342 10.344841957092285 -0.0205831 -9.41486 -8.854037284851074 -0.0164722 -2.5182200000000003 -3.871936082839966
0.0254451 9.4243 10.479995727539062 -0.0224543 -9.60087 -9.023177146911621 -0.0179696 -2.5601 -4.050621032714844
0.0275656 9.4871 10.590274810791016 -0.0243255 -9.758 -9.154748916625977 -0.0194671 -2.59344 -4.209567546844482
0.029686000000000004 9.53745 10.695394515991211 -0.0261967 -9.89418 -9.23849868774414 -0.0209646 -2.6202800000000006 -4.348735809326172
0.0318064 9.57802 10.80306625366211 -0.0280679 -10.015399999999998 -9.278291702270508 -0.022462 -2.64148 -4.474392890930176
0.029686000000000004 7.86862 10.89985466003418 -0.0261967 -8.58751 -9.301389694213867 -0.0209646 -2.23369 -4.5622453689575195
0.0275656 6.15918 11.021977424621582 -0.0243255 -7.15969 -9.299275398254395 -0.0194671 -1.82584 -4.615473747253418
0.0254451 4.44973 11.118250846862793 -0.0224543 -5.73197 -9.324790954589844 -0.0179696 -1.41793 -4.6291985511779785
0.0233247 2.74025 11.251565933227539 -0.0205831 -4.30436 -9.306361198425293 -0.0164722 -1.00998 -4.609427452087402
0.0254451 4.44977 11.360509872436523 -0.0224543 -5.7322 -9.340797424316406 -0.0179696 -1.41774 -4.610891342163086
0.0275656 6.15929 11.470285415649414 -0.0243255 -7.160040000000001 -9.375372886657715 -0.0194671 -1.82549 -4.623214244842529
0.029686000000000004 7.86881 11.555153846740723 -0.0261967 -8.58787 -9.406147003173828 -0.0209646 -2.23324 -4.635139465332031
0.0318064 9.57706 11.629277229309082 -0.0280679 -10.0149 -9.43187141418457 -0.022462 -2.64072 -4.639798641204834
0.0339268 9.6111 11.68651294708252 -0.029939099999999996 -10.1253 -9.468934059143066 -0.0239595 -2.65832 -4.653414726257324
0.0360473 9.63763 11.73760986328125 -0.0318103 -10.2254 -9.490141868591309 -0.025457 -2.67205 -4.658105850219727
0.0381677 9.65757 11.76400089263916 -0.0336815 -10.3167 -9.521864891052246 -0.0269544 -2.68249 -4.671860694885254
0.0402881 9.67215 11.78662395477295 -0.0355527 -10.4001 -9.531672477722168 -0.0284519 -2.6901 -4.67741584777832
0.0424086 9.683090000000002 11.779881477355957 -0.0374239 -10.476400000000002 -9.544414520263672 -0.0299494 -2.6944 -4.689976215362549
0.044529 9.69169 11.776738166809082 -0.0392951 -10.5461 -9.5536470413208 -0.0314469 -2.6955 -4.69490385055542
0.0466494 9.69881 11.75805377960205 -0.0411663 -10.6096 -9.571322441101074 -0.0329443 -2.69355 -4.6849799156188965
