0.00243928 2.9916100000000005 2.906752586364746 0.000124172 1.37117 1.366542935371399 0.00206748 0.9631879999999999 0.7090904116630554
0.00487856 5.97254 5.94122838973999 0.000248345 2.73925 2.777207374572754 0.00413497 1.9211600000000002 1.5307998657226562
0.007317850000000001 8.79734 8.549503326416016 0.000372517 4.04913 3.9221997261047363 0.00620245 2.8132400000000004 2.227243185043335
0.00975713 11.3249 10.675628662109375 0.000496689 5.24906 4.882526874542236 0.00826993 3.5966 2.7843880653381348
0.0121964 13.4089 12.313066482543945 0.000620862 6.26219 5.596795082092285 0.0103374 4.19486 3.222115993499756
0.014635700000000001 15.0129 13.533859252929688 0.000745034 7.05198 6.104931831359863 0.0124049 4.61718 3.54349946975708
0.017075 16.0569 14.42067813873291 0.0008692060000000001 7.59611 6.485663890838623 0.0144724 4.868799999999999 3.7707643508911133
0.0195143 16.6759 15.076135635375977 0.000993378 7.96455 6.780853748321533 0.0165399 4.98681 3.947936534881592
0.0219535 17.1277 15.573729515075684 0.00111755 8.26272 7.0344977378845215 0.0186073 5.06039 4.071402072906494
0.0243928 17.4673 15.964781761169434 0.00124172 8.51459 7.241137504577637 0.0206748 5.113250000000001 4.155961036682129
0.0268321 17.7104 16.273563385009766 0.0013659 8.72278 7.420736312866211 0.0227423 5.1525 4.220981597900391
0.029271400000000003 17.8801 16.523893356323242 0.00149007 8.89329 7.570394515991211 0.0248098 5.18313 4.266576766967773
0.0317107 17.9974 16.720172882080078 0.00161424 9.03595 7.701326847076416 0.0268773 5.21224 4.309049606323242
0.0341499 18.0775 16.87493896484375 0.00173841 9.16106 7.814391136169434 0.0289448 5.24352 4.346762657165527
0.0365892 18.1289 16.984596252441406 0.0018625800000000002 9.27212 7.900202751159668 0.031012200000000004 5.277699999999999 4.384068012237549
0.0341499 15.1373 17.103778839111328 0.00173841 7.900960000000001 8.024301528930664 0.0289448 4.31451 4.41164493560791
0.0317107 12.1458 17.2163028717041 0.00161424 6.52986 8.151795387268066 0.0268773 3.35133 4.433581829071045
0.029271400000000003 9.15453 17.32217788696289 0.00149007 5.159029999999999 8.26752758026123 0.0248098 2.38822 4.44553804397583
0.0268321 6.16339 17.40263557434082 0.0013659 3.7883 8.37486457824707 0.0227423 1.42517 4.461941719055176
0.029271400000000003 9.15499 17.44824981689453 0.00149007 5.15947 8.41990852355957 0.0248098 2.38836 4.466159820556641
0.0317107 12.1466 17.47286033630371 0.00161424 6.53063 8.429007530212402 0.0268773 3.35154 4.475627899169922
0.0341499 15.1382 17.489120483398438 0.00173841 7.9018 8.428545951843262 0.0289448 4.31473 4.4848856925964355
0.0365892 18.1267 17.49275016784668 0.0018625800000000002 9.27143 8.416391372680664 0.031012200000000004 5.27708 4.502357006072998
0.0390285 18.1607 17.49074363708496 0.00198676 9.36947 8.400049209594727 0.0330797 5.31308 4.5214362144470215
0.0414678 18.1821 17.47768211364746 0.00211093 9.4582 8.384171485900879 0.0351472 5.3483 4.546682357788086
0.0439071 18.1959 17.470680236816406 0.0022351 9.53923 8.363523483276367 0.0372147 5.383020000000001 4.5751566886901855
0.0463464 18.2037 17.445344924926758 0.00235927 9.613859999999999 8.35090446472168 0.0392822 5.41735 4.605321884155273
0.0487856 18.2071 17.431163787841797 0.00248345 9.68314 8.3434476852417 0.0413497 5.45121 4.635079860687256
0.0512249 18.207 17.405454635620117 0.00260762 9.747599999999998 8.350817680358887 0.0434171 5.484240000000001 4.660812854766846
0.0536642 18.2046 17.389686584472656 0.00273179 9.80818 8.367293357849121 0.0454846 5.51647 4.683699131011963
