1116.00732421875
1173.556396484375
1093.6875
1141.8486328125
1103.3741455078125
1148.0399169921875
1123.1090087890625
1128.8848876953125
1169.978271484375
1101.03173828125
1136.289306640625
1162.5643310546875
1214.08837890625
1187.649169921875
1154.14599609375
1139.441650390625
1151.4833984375
1134.1163330078125
1138.6412353515625
1092.2073974609375
1151.853271484375
1112.2412109375
1162.3590087890625
1131.525146484375
1131.3438720703125
1155.881591796875
1155.429443359375
1123.1065673828125
1164.5828857421875
1144.1517333984375
1161.3128662109375
1122.35107421875
1124.7899169921875
1186.2911376953125
1098.8760986328125
1174.709228515625
1146.6759033203125
1182.5169677734375
1124.976318359375
1092.5760498046875
1145.1304931640625
1154.3502197265625
1118.8114013671875
1155.0657958984375
1108.4844970703125
1100.3641357421875
1148.319091796875
1117.944091796875
1138.627197265625
1088.7874755859375
1132.7489013671875
1141.3780517578125
1147.329833984375
1158.99365234375
1156.397705078125
1146.260986328125
1098.92236328125
1144.397705078125
1139.4569091796875
1075.9930419921875
1158.3365478515625
1156.6014404296875
1122.5455322265625
1149.51025390625
1173.4261474609375
1132.9156494140625
1124.3675537109375
1152.2633056640625
1150.3687744140625
1087.4552001953125
1108.1724853515625
1165.1146240234375
1145.85595703125
1179.694580078125
1112.4078369140625
1129.3817138671875
1111.8272705078125
1144.2264404296875
1146.1357421875
1113.2667236328125
1120.1236572265625
1162.837890625
1180.737548828125
1139.61865234375
1127.9285888671875
1140.58984375
1191.2750244140625
1143.98828125
1130.791015625
1141.8856201171875
1139.1046142578125
1115.4063720703125
1166.08203125
1173.5155029296875
1153.7828369140625
1123.5546875
1141.5716552734375
1110.454833984375
1106.0159912109375
1145.1075439453125
1150.7291259765625
1139.4049072265625
1133.3687744140625
1136.6597900390625
1096.1243896484375
1156.6383056640625
1169.673828125
1128.1063232421875
1118.200439453125
1123.9820556640625
1145.7127685546875
1196.17724609375
1121.5394287109375
1169.08740234375
1143.270751953125
1135.4512939453125
1167.3258056640625
1153.4434814453125
1126.5849609375
1142.6419677734375
1118.148681640625
1148.0455322265625
1139.1973876953125
1100.2593994140625
1187.81689453125
1076.5450439453125
1155.510498046875
1102.5367431640625
1163.6015625
1131.1417236328125
1108.1954345703125
1134.240966796875
1160.0606689453125
1154.7666015625
1127.8033447265625
1100.3739013671875
1142.9781494140625
1139.9757080078125
1130.42822265625
1134.7972412109375
1174.166015625
1177.2353515625
1114.1968994140625
1116.535888671875
1114.6212158203125
1180.83203125
1161.6734619140625
1136.6270751953125
1152.238037109375
1160.2291259765625
1149.2591552734375
1107.4056396484375
1161.173095703125
1158.892333984375
1156.2177734375
1134.2872314453125
1198.8330078125
1167.54052734375
1121.8963623046875
1118.949462890625
1162.0899658203125
1135.4903564453125
1127.6474609375
1146.4532470703125
1149.163330078125
1145.426025390625
1122.3282470703125
1124.614013671875
1139.5501708984375
1138.129638671875
1135.8907470703125
1138.546630859375
1137.2142333984375
1171.2205810546875
1179.34423828125
1128.13525390625
1146.9080810546875
1129.9674072265625
1120.048095703125
1178.2213134765625
1135.125732421875
1078.912353515625
1167.45703125
1076.007568359375
1170.6812744140625
1185.9444580078125
1164.3675537109375
1120.4635009765625
1161.4410400390625
1173.700927734375
1114.460693359375
1128.6767578125
1190.52392578125
1136.2376708984375
1099.6883544921875
1132.0355224609375
1142.20947265625
1154.9703369140625
1192.672119140625
1131.7305908203125
1188.9595947265625
1102.5452880859375
1103.7144775390625
1146.734619140625
1157.922607421875
1127.1868896484375
1143.5704345703125
1097.4468994140625
1118.9639892578125
1113.366455078125
1108.365966796875
1153.0673828125
1125.71875
1105.2945556640625
1177.6986083984375
1175.4122314453125
1115.556884765625
1115.7750244140625
1169.7418212890625
1062.90576171875
1138.026611328125
1124.3543701171875
1130.1829833984375
1154.0250244140625
1154.410400390625
1139.5953369140625
1090.8570556640625
1141.0081787109375
1150.151123046875
1129.0550537109375
1098.83056640625
1204.8531494140625
1120.795654296875
1160.909912109375
1164.33544921875
1128.791259765625
1136.021240234375
1122.1138916015625
1137.37353515625
1104.2275390625
1134.7723388671875
1097.9219970703125
1123.229248046875
1126.6717529296875
1092.128173828125
1103.9901123046875
1169.9144287109375
1142.0057373046875
1108.9613037109375
1159.97119140625
1199.93994140625
1170.2757568359375
1084.5003662109375
1124.058349609375
1105.5775146484375
1139.9178466796875
1131.9649658203125
1153.1336669921875
1113.32666015625
1146.182373046875
1133.8887939453125
1153.335205078125
1151.5556640625
1118.4891357421875
1151.6915283203125
1137.3929443359375
1134.9769287109375
1088.5921630859375
1137.409423828125
1167.9512939453125
1166.2838134765625
1128.3265380859375
1121.52392578125
1136.2711181640625
1153.8115234375
1130.4425048828125
1142.997314453125
1151.2049560546875
1141.7608642578125
1174.5087890625
1114.4930419921875
1106.672607421875
1161.8209228515625
1148.4473876953125
1114.46484375
1150.6461181640625
1119.8385009765625
1167.173828125
1118.0447998046875
1128.4276123046875
1095.7666015625
1092.920166015625
1108.7572021484375
1108.358154296875
1107.6265869140625
1147.0323486328125
1168.6597900390625
1113.922119140625
1103.0052490234375
1140.3509521484375
1091.0379638671875
1141.671875
1184.231201171875
1119.1356201171875
1164.5062255859375
1153.6849365234375
1179.3614501953125
1211.6297607421875
1160.2337646484375
1181.637451171875
1141.7255859375
1102.1666259765625
1116.19482421875
1119.6668701171875
1137.636962890625
1122.52001953125
1141.315185546875
1152.6510009765625
1145.6134033203125
1136.9603271484375
1153.48681640625
1161.02099609375
1206.019775390625
1219.35546875
1167.4691162109375
1127.83837890625
1146.9205322265625
1165.5897216796875
1148.7159423828125
1152.73779296875
1149.00146484375
1132.7730712890625
1139.2635498046875
1145.643798828125
1125.5810546875
1130.6817626953125
1141.60791015625
1120.1041259765625
1136.617431640625
1098.1575927734375
1140.3282470703125
1114.6405029296875
1141.335693359375
1101.41552734375
1117.74365234375
1120.48779296875
1111.2994384765625
1148.8663330078125
1116.6795654296875
1154.073974609375
1144.8076171875
1150.8660888671875
1143.2095947265625
1159.2392578125
1170.4915771484375
1149.008056640625
1112.9912109375
1140.2708740234375
1143.439453125
1125.93994140625
1119.3084716796875
1172.41650390625
1139.62841796875
1177.052978515625
1129.13134765625
1165.5478515625
1148.0716552734375
1145.7955322265625
1135.8797607421875
1143.6458740234375
1158.5751953125
1114.2650146484375
1131.525390625
1173.22998046875
1118.2320556640625
1106.9443359375
1120.6776123046875
1105.6123046875
1118.75927734375
1123.052978515625
1127.0394287109375
1142.2220458984375
1131.3912353515625
1136.9910888671875
1155.1729736328125
1091.49267578125
1174.515869140625
1178.439697265625
1126.4683837890625
1135.740966796875
1149.761962890625
1209.072021484375
1183.47412109375
1129.1961669921875
1149.35205078125
1165.7196044921875
1147.18603515625
1161.4822998046875
1156.2171630859375
1157.299072265625
1174.852294921875
1161.377685546875
1122.1949462890625
1155.6085205078125
1100.663330078125
1120.861572265625
1136.822021484375
1139.9580078125
1115.4259033203125
1173.6219482421875
1116.39111328125
1134.004638671875
1157.566162109375
1176.126708984375
1177.1842041015625
1152.913330078125
1146.090087890625
1125.5689697265625
1159.02783203125
1136.9739990234375
1096.9296875
1200.1087646484375
1167.89794921875
1123.71044921875
1139.1290283203125
1143.95947265625
1099.894775390625
1138.435302734375
1105.439208984375
1147.1021728515625
1143.762451171875
1099.7269287109375
1159.4482421875
1152.9168701171875
1162.5206298828125
1160.1134033203125
1138.450927734375
1125.2615966796875
1173.5185546875
1135.1676025390625
1192.2574462890625
1183.533935546875
1172.7271728515625
1182.0302734375
1133.3433837890625
1174.567138671875
1184.046875
1130.6912841796875
1100.6419677734375
1136.59716796875
1145.0889892578125
1138.26708984375
1098.9869384765625
1141.612548828125
1138.82861328125
1130.76025390625
1056.8544921875
1124.7257080078125
1153.7218017578125
1123.47314453125
1122.99951171875
1152.5716552734375
1179.9910888671875
1115.4876708984375
1168.541259765625
1152.819580078125
1128.893310546875
1114.78662109375
1166.5859375
1160.466796875
1132.947998046875
1122.8331298828125
1133.8463134765625
1179.614013671875
1191.8631591796875
1129.08349609375
1152.338134765625
1125.5687255859375
1108.42236328125
1123.064453125
1109.4759521484375
1161.1661376953125
1077.637451171875
1099.32080078125
1108.4371337890625
1118.2584228515625
1163.443359375
1149.9886474609375
1171.776123046875
1148.9371337890625
1120.969482421875
1160.522705078125
1130.4954833984375
1129.9442138671875
1134.0657958984375
1076.7005615234375
1124.9765625
1178.997802734375
1182.0101318359375
1158.6126708984375
