1089.7691650390625
1130.677001953125
1127.706787109375
1095.3717041015625
1083.9803466796875
1121.931884765625
1121.276611328125
1123.6070556640625
1146.580078125
1120.146240234375
1088.7421875
1140.8953857421875
1177.662353515625
1126.8404541015625
1099.3035888671875
1099.791015625
1116.2581787109375
1114.504150390625
1126.5123291015625
1083.5860595703125
1124.585205078125
1089.2462158203125
1076.7091064453125
1101.104248046875
1135.98974609375
1140.9178466796875
1126.2950439453125
1144.220703125
1121.6705322265625
1087.62158203125
1085.4207763671875
1107.92333984375
1118.8912353515625
1134.3265380859375
1116.0120849609375
1138.4591064453125
1146.56298828125
1171.006591796875
1115.10107421875
1108.2718505859375
1117.9459228515625
1137.7486572265625
1107.8736572265625
1180.0888671875
1119.039794921875
1085.355224609375
1130.4385986328125
1107.0074462890625
1114.4473876953125
1103.03564453125
1084.72802734375
1108.68701171875
1113.1705322265625
1080.8819580078125
1089.6214599609375
1105.0469970703125
1074.70361328125
1098.7222900390625
1126.1181640625
1105.7218017578125
1137.3238525390625
1108.23779296875
1111.693115234375
1083.9385986328125
1124.634521484375
1116.6873779296875
1118.311767578125
1116.2216796875
1132.626220703125
1114.3599853515625
1159.5169677734375
1131.8587646484375
1144.1658935546875
1124.7550048828125
1108.5787353515625
1146.14111328125
1099.8443603515625
1137.9461669921875
1094.632080078125
1125.3311767578125
1133.5267333984375
1139.01904296875
1124.592041015625
1095.1248779296875
1098.995849609375
1185.61962890625
1178.87451171875
1110.8280029296875
1102.02978515625
1081.2403564453125
1160.9989013671875
1109.6561279296875
1155.6719970703125
1103.5352783203125
1116.3660888671875
1077.555419921875
1130.651123046875
1155.5401611328125
1092.37841796875
1106.2044677734375
1089.855224609375
1139.80908203125
1109.9224853515625
1114.3348388671875
1095.706298828125
1067.611328125
1145.552001953125
1176.32275390625
1093.5264892578125
1071.9656982421875
1113.3265380859375
1088.1190185546875
1150.4710693359375
1102.7122802734375
1071.699462890625
1114.5723876953125
1166.7506103515625
1106.120849609375
1156.7783203125
1112.510986328125
1106.1806640625
1117.7989501953125
1163.0985107421875
1112.433837890625
1107.3150634765625
1151.736328125
1082.7774658203125
1112.690673828125
1137.7978515625
1151.85595703125
1151.0869140625
1100.09326171875
1098.688232421875
1107.5809326171875
1148.855712890625
1121.583740234375
1104.3946533203125
1145.3726806640625
1110.606201171875
1099.84130859375
1163.4705810546875
1149.9241943359375
1127.227783203125
1095.9832763671875
1106.1209716796875
1083.7022705078125
1110.3599853515625
1126.3037109375
1119.4027099609375
1145.846435546875
1111.6981201171875
1120.0872802734375
1074.100830078125
1140.971435546875
1147.9298095703125
1074.793701171875
1147.9671630859375
1138.853515625
1129.3900146484375
1125.5567626953125
1121.189697265625
1129.427001953125
1108.948486328125
1106.149169921875
1124.425537109375
1147.9453125
1150.2340087890625
1101.115966796875
1110.95361328125
1084.8387451171875
1132.405029296875
1079.5172119140625
1110.744140625
1124.7708740234375
1181.1351318359375
1162.55615234375
1152.4688720703125
1149.043212890625
1095.4266357421875
1131.474609375
1133.7313232421875
1099.5548095703125
1082.623046875
1150.6451416015625
1107.82080078125
1181.202392578125
1112.3939208984375
1128.25
1123.5753173828125
1099.929931640625
1127.768798828125
1113.7164306640625
1123.0367431640625
1153.792724609375
1120.93408203125
1107.8720703125
1143.4027099609375
1130.7696533203125
1164.442626953125
1145.7274169921875
1133.5869140625
1144.84375
1134.109375
1107.8475341796875
1117.5859375
1093.2392578125
1102.205810546875
1085.5670166015625
1145.06591796875
1100.932861328125
1105.78759765625
1115.6519775390625
1126.552734375
1073.9874267578125
1144.4453125
1121.8045654296875
1173.6878662109375
1080.73779296875
1133.51171875
1127.2684326171875
1115.236083984375
1129.761474609375
1110.5648193359375
1111.74658203125
1098.6024169921875
1133.5838623046875
1121.944580078125
1097.902099609375
1112.458251953125
1091.612060546875
1097.3907470703125
1119.411865234375
1112.4176025390625
1114.4937744140625
1153.227294921875
1147.60595703125
1102.2236328125
1134.2138671875
1085.7781982421875
1094.6300048828125
1095.5252685546875
1119.2540283203125
1094.9617919921875
1092.14990234375
1125.957763671875
1084.822265625
1110.6065673828125
1150.95263671875
1110.1136474609375
1098.8050537109375
1136.224609375
1115.498046875
1145.322021484375
1112.9036865234375
1116.4520263671875
1112.768310546875
1102.8463134765625
1103.8575439453125
1092.6170654296875
1114.4522705078125
1092.1591796875
1080.5277099609375
1085.4727783203125
1119.0718994140625
1091.8670654296875
1074.637939453125
1087.50341796875
1134.251953125
1140.1732177734375
1135.118408203125
1134.7857666015625
1154.6756591796875
1116.3856201171875
1117.6544189453125
1104.656982421875
1154.1240234375
1141.0316162109375
1114.639404296875
1100.464599609375
1151.7696533203125
1136.56494140625
1088.8729248046875
1101.0107421875
1150.8673095703125
1122.0169677734375
1101.796875
1176.5009765625
1142.2730712890625
1119.328125
1093.90380859375
1090.9072265625
1129.197509765625
1099.974609375
1105.330322265625
1081.7747802734375
1125.3170166015625
1116.887451171875
1155.4586181640625
1101.84912109375
1117.0322265625
1097.8651123046875
1090.391845703125
1121.0208740234375
1095.30810546875
1139.017333984375
1127.464111328125
1166.083740234375
1130.6544189453125
1117.9354248046875
1130.2325439453125
1150.8763427734375
1118.966796875
1114.550537109375
1120.189697265625
1108.66650390625
1094.9305419921875
1110.0615234375
1109.396728515625
1162.470458984375
1160.963623046875
1130.42138671875
1118.5113525390625
1125.5489501953125
1197.566162109375
1155.2464599609375
1123.3638916015625
1098.0572509765625
1137.353271484375
1091.91943359375
1122.36474609375
1101.3721923828125
1143.7919921875
1110.222900390625
1085.11474609375
1121.9425048828125
1109.0799560546875
1109.6461181640625
1122.2584228515625
1084.0732421875
1099.8680419921875
1096.1844482421875
1121.8236083984375
1142.525634765625
1146.4520263671875
1107.501953125
1059.5247802734375
1081.4912109375
1133.5230712890625
1119.03515625
1114.4927978515625
1149.802978515625
1132.706298828125
1101.3785400390625
1156.4617919921875
1143.06640625
1154.31982421875
1141.220947265625
1129.2669677734375
1120.52490234375
1116.3629150390625
1139.7781982421875
1132.7735595703125
1148.548583984375
1142.989501953125
1168.0081787109375
1096.4591064453125
1108.7147216796875
1115.4853515625
1147.150146484375
1100.46484375
1108.2061767578125
1189.28515625
1142.7769775390625
1126.2989501953125
1138.4835205078125
1082.34326171875
1099.997314453125
1145.36767578125
1136.1376953125
1098.206787109375
1072.6815185546875
1072.9940185546875
1120.97607421875
1105.5391845703125
1097.535888671875
1130.6400146484375
1109.485595703125
1149.3486328125
1107.141845703125
1095.322998046875
1102.1099853515625
1104.194580078125
1123.6549072265625
1135.32763671875
1052.4686279296875
1162.112060546875
1099.8260498046875
1098.008544921875
1177.0609130859375
1142.0220947265625
1168.968505859375
1170.16943359375
1132.240966796875
1138.767822265625
1121.2403564453125
1147.4993896484375
1093.2261962890625
1128.477294921875
1137.699951171875
1097.3157958984375
1155.6693115234375
1107.9859619140625
1075.4124755859375
1139.8966064453125
1157.6619873046875
1157.4453125
1090.3447265625
1130.8221435546875
1106.8961181640625
1121.748291015625
1094.4881591796875
1071.5657958984375
1150.0614013671875
1172.82958984375
1173.5343017578125
1145.315185546875
1115.6988525390625
1092.8780517578125
1142.946533203125
1105.4525146484375
1104.7491455078125
1112.4443359375
1117.979736328125
1154.9566650390625
1139.763671875
1161.6749267578125
1145.853515625
1131.297119140625
1122.9012451171875
1128.0726318359375
1096.5740966796875
1148.017578125
1129.7640380859375
1129.1844482421875
1150.9083251953125
1135.415771484375
1117.121826171875
1121.4813232421875
1151.99365234375
1108.3248291015625
1128.404052734375
1120.546630859375
1113.6787109375
1136.1260986328125
1101.266357421875
1118.5018310546875
1114.72314453125
1101.995361328125
1127.6048583984375
1111.1680908203125
1109.5960693359375
1145.045166015625
1106.55908203125
1114.4874267578125
1111.62158203125
1123.0072021484375
1101.40576171875
1132.3546142578125
1110.318359375
1127.435546875
1141.8226318359375
1113.435791015625
1088.916748046875
1100.9053955078125
1116.0477294921875
1111.71728515625
1078.5491943359375
1126.4730224609375
1078.928955078125
1094.5704345703125
1109.9915771484375
1123.5048828125
1076.239990234375
1106.8818359375
1096.2347412109375
1089.884521484375
1111.478271484375
1138.75439453125
1114.9161376953125
1161.29150390625
1127.41943359375
1099.154541015625
1094.228515625
1085.255615234375
1112.030517578125
1155.992431640625
1099.8170166015625
1084.6072998046875
1088.1673583984375
1116.568115234375
