0.00153138 1.12119 1.432603120803833 0.000821664 0.904759 1.4687319993972778 0.00199283 0.295095 0.7677425146102905
0.00264765 1.9352600000000002 2.507394790649414 0.0014206 1.56319 2.3445043563842773 0.00344547 0.509764 1.2508971691131592
0.0032685500000000003 2.38095 3.048304319381714 0.00175374 1.9228900000000002 2.7843379974365234 0.00425347 0.6268 1.493969440460205
0.00337991 2.45985 3.0955028533935547 0.0018135 1.9861200000000003 2.8313210010528564 0.00439839 0.647298 1.5187309980392456
0.00304602 2.21539 2.6997604370117188 0.00163434 1.78885 2.518531084060669 0.00396388 0.582956 1.3548102378845215
0.00240775 1.74809 1.997434139251709 0.0012918800000000002 1.41176 1.9590997695922852 0.0031332899999999995 0.459964 1.0516014099121094
0.0016671899999999998 1.20589 1.197947382926941 0.0008945320000000001 0.974223 1.304207682609558 0.00216957 0.317257 0.6938595771789551
0.00106028 0.761545 0.5935463309288025 0.000568893 0.615653 0.7885109782218933 0.00137977 0.200306 0.41407570242881775
0.00082196 0.587063 0.42132747173309326 0.000441024 0.474852 0.6390945315361023 0.00106964 0.154383 0.32526764273643494
0.00114916 0.82662 0.8391548991203308 0.000616583 0.668166 0.9945722222328186 0.00149544 0.217434 0.49619340896606445
0.0021679 1.57248 2.0151147842407227 0.00116319 1.27005 1.9427244663238525 0.0028211599999999996 0.413744 1.0211246013641357
0.00391013 2.82913 3.799600839614868 0.00209798 2.28229 3.345013380050659 0.005088379999999999 0.741557 1.8096466064453125
0.00630439 4.28926 5.542513847351074 0.00338263 3.47857 4.703840255737305 0.00820411 1.09942 2.5369510650634766
0.00918233 5.37366 6.789433002471924 0.00492679 4.16759 5.59486722946167 0.011949299999999998 1.2625 3.0188889503479004
0.012300499999999999 6.03768 7.62857723236084 0.006599850000000001 4.36678 6.091848850250244 0.016007 1.29704 3.3097901344299316
0.0153744 6.53585 8.209668159484863 0.00824915 4.46727 6.343807220458984 0.0200072 1.32516 3.495178461074829
0.0181198 6.8637 8.570131301879883 0.00972219 4.51843 6.45548677444458 0.023579900000000004 1.35861 3.629485845565796
0.0202945 7.06257 8.821889877319336 0.010889000000000001 4.53544 6.490063190460205 0.0264099 1.38901 3.7516911029815674
0.0217343 7.17079 8.871076583862305 0.0116616 4.54047 6.43883752822876 0.0282836 1.40765 3.775038957595825
0.0223764 7.21224 8.817566871643066 0.0120061 4.5423 6.343532085418701 0.0291192 1.41521 3.7577011585235596
0.0222668 7.13193 8.65157413482666 0.0119473 4.47749 6.209933757781982 0.0289764 1.39407 3.700428009033203
0.0215498 6.60703 8.299633026123047 0.011562599999999998 4.05391 5.969669342041016 0.028043499999999996 1.25591 3.5516905784606934
0.0204436 5.79712 7.603460788726807 0.010969000000000001 3.40034 5.463441848754883 0.0266039 1.04275 3.2173635959625244
0.0192042 4.88974 6.535151481628418 0.0103041 2.66812 4.701879978179932 0.0249911 0.803925 2.7309038639068604
0.0180877 4.07227 5.249560356140137 0.00970498 2.00846 3.773665189743042 0.0235381 0.58877 2.167462110519409
