-0.000512971 -1.92424 -2.8790276050567627 -0.00662436 -4.24427 -5.1256866455078125 0.00498228 0.838293 1.6673794984817505
-0.00101211 -2.9211 -4.139190196990967 -0.0130701 -6.75611 -7.24224328994751 0.00983024 1.17521 2.3631553649902344
-0.00146264 -3.12048 -4.5892653465271 -0.0188881 -7.38226 -8.036042213439941 0.014206 1.22422 2.786247730255127
-0.00183877 -3.21116 -4.803927898406982 -0.0237454 -7.50765 -8.452354431152344 0.0178593 1.30711 3.051602602005005
-0.00212588 -3.2744 -4.89855432510376 -0.027453000000000005 -7.54725 -8.616048812866211 0.0206478 1.37547 3.1945698261260986
-0.0023215 -3.31635 -4.939872741699219 -0.0299792 -7.550929999999999 -8.620378494262695 0.0225478 1.42468 3.214244842529297
-0.00243428 -3.34082 -4.949561595916748 -0.0314356 -7.5482 -8.587508201599121 0.0236432 1.45308 3.2192373275756836
-0.00248106 -3.35109 -4.938264846801758 -0.0320396 -7.546380000000001 -8.548742294311523 0.0240975 1.46479 3.2000110149383545
-0.00248268 -3.35145 -4.906703948974609 -0.0320606 -7.54631 -8.47980785369873 0.024113299999999997 1.46519 3.1565451622009277
-0.00245948 -3.26219 -4.853677749633789 -0.031761 -7.35026 -8.361710548400879 0.0238879 1.4259 3.0831470489501953
-0.00242719 -3.13792 -4.778940200805664 -0.031344 -7.07731 -8.191818237304688 0.0235743 1.37119 2.9866068363189697
-0.00239405 -3.01044 -4.690263271331787 -0.030916100000000002 -6.79729 -7.981389045715332 0.0232525 1.31506 2.8750526905059814
-0.00235968 -2.87818 -4.586286544799805 -0.0304722 -6.5068 -7.736743927001953 0.0229186 1.25683 2.755934953689575
-0.00231556 -2.7084 -4.448049068450928 -0.0299024 -6.13388 -7.4326348304748535 0.02249 1.18208 2.6131176948547363
-0.00224715 -2.44521 -4.241042613983154 -0.0290191 -5.5558 -6.9963603019714355 0.0218257 1.06621 2.4222142696380615
-0.00213712 -2.02183 -3.884290933609009 -0.0275981 -4.62585 -6.3116960525512695 0.0207569 0.879815 2.1496615409851074
-0.00196892 -1.37467 -3.246168851852417 -0.0254261 -3.20439 -5.232109546661377 0.0191233 0.594896 1.7698379755020142
-0.00173041 -0.457509 -2.147850275039673 -0.022346 -1.18902 -3.2936038970947266 0.0168068 0.19141 1.1213887929916382
-0.0014166399999999998 0.746555 -0.5936487317085266 -0.0182941 1.45977 -0.39416012167930603 0.0137592 -0.337829 0.20980781316757202
-0.00103163 1.87709 1.0473021268844604 -0.0133221 4.24101 2.7570064067840576 0.010019799999999999 -0.808484 -0.7566811442375183
-0.000588653 2.41101 2.4168901443481445 -0.00760169 6.04758 5.402917861938477 0.0057173400000000004 -0.888126 -1.5619828701019287
-0.00010906499999999999 2.6701 3.1910858154296875 -0.00140843 7.08146 6.714198589324951 0.0010593 -0.9421370000000001 -1.8087373971939087
0.000380329 2.80686 3.9941442012786865 0.00491146 7.42457 8.05500602722168 -0.00369398 -1.04149 -2.30883526802063
0.000850958 2.92144 4.562206268310547 0.010988999999999999 7.570449999999999 9.091840744018555 -0.008265 -1.14932 -2.572167158126831
0.00127667 3.01626 4.604125499725342 0.0164866 7.60202 9.38815689086914 -0.0123998 -1.26369 -2.5969297885894775
