0.00503995 2.3155 2.849477529525757 -0.00266293 -0.158454 0.00787741132080555 -0.00148434 -0.146651 -0.4863366186618805
0.00999349 4.35978 5.094750881195068 -0.00528021 -0.334984 -0.06882151961326599 -0.00294322 -0.253103 -0.7013509273529053
0.0148561 5.54316 6.319503307342529 -0.00784944 -0.624824 -0.20575964450836182 -0.00437532 -0.271277 -0.720569908618927
0.0196213 5.99118 7.071542263031006 -0.0103672 -0.9470290000000001 -0.4009280204772949 -0.00577874 -0.168061 -0.6789885759353638
0.024239399999999998 6.15393 7.597072601318359 -0.0128072 -1.19838 -0.6155408620834351 -0.00713884 -0.026969 -0.6157166361808777
0.0285885 6.2315 7.990904808044434 -0.0151052 -1.37229 -0.7856391072273254 -0.00841971 0.101525 -0.5637675523757935
0.032464 6.28376 8.27039909362793 -0.0171529 -1.46227 -0.889273464679718 -0.00956111 0.209864 -0.5244608521461487
0.0355903 6.31924 8.436347961425781 -0.0188047 -1.50471 -0.9485490918159485 -0.010481800000000001 0.289129 -0.48072507977485657
0.0376524 6.34014 8.497175216674805 -0.0198942 -1.52387 -0.9919151663780212 -0.011089200000000002 0.337145 -0.4481970965862274
0.0383429 6.3467 8.456277847290039 -0.020259 -1.52943 -1.0077288150787354 -0.0112925 0.352578 -0.41332125663757324
0.0374127 5.91908 8.234890937805176 -0.0197676 -1.5002 -1.0085002183914185 -0.0110186 0.379654 -0.3845923840999603
0.0347189 4.68067 7.455607891082764 -0.0183442 -1.41555 -0.9627087712287903 -0.010225200000000002 0.458069 -0.3029409646987915
0.0302584 2.63008 5.774591445922852 -0.0159875 -1.27539 -0.8838573694229126 -0.00891153 0.587911 -0.10002126544713974
0.024183700000000002 -0.162631 2.971693515777588 -0.012777799999999999 -1.08451 -0.8212609887123108 -0.007122450000000001 0.764742 0.17191769182682037
0.0167971 -3.4288 -0.8159859776496887 -0.00887499 -0.823212 -0.6714385747909546 -0.00494697 0.9631009999999999 0.3900628387928009
0.00852541 -5.08587 -3.9317452907562256 -0.00450453 -0.113261 -0.3521578311920166 -0.00251085 0.91167 0.4800300598144531
-0.000120016 -5.77266 -4.920360088348389 6.34122e-05 0.594686 -0.48719915747642517 3.53464e-05 0.623707 0.33475789427757263
-0.00859266 -5.99386 -7.699950218200684 0.00454006 1.15417 0.08489511162042618 0.00253066 0.318475 0.9050883054733276
-0.0163607 -6.12579 -8.588056564331055 0.00864443 1.43823 0.5300209522247314 0.00481846 0.0521072 1.1454071998596191
-0.0229515 -6.22197 -8.803801536560059 0.0121268 1.53865 0.6827247738838196 0.00675952 -0.139361 1.2033121585845947
-0.0279845 -6.28444 -8.864896774291992 0.014786 1.56469 0.7509021162986755 0.00824183 -0.263772 1.230407953262329
-0.031191800000000002 -6.31727 -8.86264705657959 0.0164807 1.57593 0.8194566369056702 0.00918642 -0.330617 1.2459388971328735
-0.0324238 -6.32887 -8.706485748291016 0.0171316 1.57917 0.9138361215591431 0.00954926 -0.354386 1.2369803190231323
-0.0316452 -5.97091 -8.32058048248291 0.0167202 1.5547 1.0045827627182007 0.00931994 -0.377051 1.1979353427886963
-0.028922799999999995 -4.71939 -7.360249996185303 0.0152818 1.46916 1.081648588180542 0.00851818 -0.456297 1.0462714433670044
