1320.9259033203125
1372.4571533203125
1307.9969482421875
1315.904296875
1306.05908203125
1380.3822021484375
1393.1715087890625
1323.26025390625
1402.9212646484375
1348.7314453125
1339.2958984375
1368.5240478515625
1380.2481689453125
1370.989501953125
1318.88623046875
1304.6256103515625
1329.9609375
1324.3570556640625
1360.71044921875
1349.1175537109375
1359.2510986328125
1325.644775390625
1289.974365234375
1298.3780517578125
1308.9356689453125
1415.185546875
1333.552490234375
1325.9892578125
1344.6732177734375
1344.6578369140625
1356.3856201171875
1311.1678466796875
1315.09326171875
1339.893310546875
1366.3133544921875
1357.9522705078125
1319.966796875
1359.017333984375
1351.7510986328125
1326.060546875
1341.147216796875
1394.8570556640625
1331.343505859375
1401.6395263671875
1363.8165283203125
1336.4259033203125
1379.775390625
1322.1419677734375
1359.99609375
1346.6856689453125
1363.8729248046875
1330.5306396484375
1334.623291015625
1347.8792724609375
1335.4508056640625
1318.101318359375
1359.6905517578125
1358.1522216796875
1299.5289306640625
1360.2347412109375
1358.3060302734375
1325.285400390625
1338.771240234375
1360.20751953125
1332.1746826171875
1358.6446533203125
1305.3182373046875
1357.388427734375
1347.8704833984375
1356.7581787109375
1341.6063232421875
1337.9490966796875
1363.8270263671875
1354.0159912109375
1392.49658203125
1329.35009765625
1361.2613525390625
1317.3350830078125
1377.68359375
1338.14453125
1409.694091796875
1346.793212890625
1306.1641845703125
1334.8787841796875
1330.654296875
1355.450439453125
1335.21484375
1318.509033203125
1340.2276611328125
1361.7821044921875
1314.779296875
1398.4075927734375
1378.0364990234375
1356.360595703125
1327.3807373046875
1393.857666015625
1335.7822265625
1336.21875
1352.43359375
1344.3665771484375
1359.488525390625
1328.2108154296875
1332.1031494140625
1319.18603515625
1353.7430419921875
1376.6959228515625
1317.162109375
1337.9530029296875
1399.8560791015625
1332.8465576171875
1343.541015625
1322.5526123046875
1376.4364013671875
1373.4490966796875
1410.6455078125
1336.2078857421875
1388.2847900390625
1353.149658203125
1321.441162109375
1349.076171875
1354.018310546875
1314.9454345703125
1323.516357421875
1376.916015625
1310.0440673828125
1350.4266357421875
1350.7451171875
1343.2861328125
1355.628173828125
1329.2957763671875
1321.94091796875
1354.84423828125
1312.3394775390625
1280.53125
1312.6180419921875
1392.1873779296875
1348.40576171875
1327.540771484375
1369.5953369140625
1389.402587890625
1364.3553466796875
1363.5794677734375
1369.8419189453125
1334.76953125
1354.0318603515625
1349.8624267578125
1355.7779541015625
1330.9266357421875
1349.00048828125
1333.8055419921875
1303.89697265625
1359.6024169921875
1392.99951171875
1352.23046875
1318.765380859375
1362.060302734375
1349.4471435546875
1342.6478271484375
1348.4466552734375
1352.8609619140625
1348.654296875
1325.638916015625
1382.4273681640625
1405.3714599609375
1332.6405029296875
1322.01904296875
1330.164306640625
1330.118408203125
1359.0701904296875
1315.51953125
1311.71533203125
1318.100830078125
1352.8402099609375
1376.2200927734375
1312.9798583984375
1333.814453125
1353.7708740234375
1389.4639892578125
1377.3494873046875
1388.7379150390625
1341.1072998046875
1331.304443359375
1307.6368408203125
1336.8701171875
1388.644287109375
1381.2899169921875
1318.8851318359375
1340.2958984375
1342.4256591796875
1361.0400390625
1343.900146484375
1374.02099609375
1368.234375
1340.6728515625
1356.6925048828125
1357.8509521484375
1358.8050537109375
1366.7427978515625
1382.912353515625
1381.8358154296875
1343.0966796875
1373.4649658203125
1351.957763671875
1335.916015625
1382.6224365234375
1368.8494873046875
1321.0626220703125
1355.1824951171875
1327.856201171875
1377.8985595703125
1330.8616943359375
1324.5150146484375
1376.3846435546875
1328.929443359375
1310.8206787109375
1302.6353759765625
1392.1534423828125
1355.72900390625
1351.5313720703125
1357.9666748046875
1320.8428955078125
1353.63525390625
1384.5435791015625
1312.7484130859375
1368.4359130859375
1336.45263671875
1355.02978515625
1354.581787109375
1367.1070556640625
1308.1497802734375
1340.4669189453125
1328.3187255859375
1314.89990234375
1334.2750244140625
1322.8741455078125
1360.9656982421875
1353.020751953125
1349.829345703125
1338.88623046875
1331.3907470703125
1331.3612060546875
1350.6749267578125
1302.5770263671875
1362.8536376953125
1352.4422607421875
1350.7327880859375
1358.1292724609375
1302.0721435546875
1325.3182373046875
1320.2398681640625
1372.3031005859375
1356.1201171875
1360.8643798828125
1320.90625
1290.0836181640625
1351.1248779296875
1389.2442626953125
1341.4364013671875
1344.3824462890625
1349.69775390625
1351.79443359375
1369.4578857421875
1321.38232421875
1352.6630859375
1324.7794189453125
1340.078125
1361.9068603515625
1350.703369140625
1399.652099609375
1318.415771484375
1322.8746337890625
1322.069091796875
1322.7861328125
1316.322998046875
1332.58642578125
1356.90478515625
1353.0330810546875
1305.255859375
1311.228759765625
1369.7596435546875
1325.3372802734375
1351.0377197265625
1373.0521240234375
1304.468505859375
1306.8983154296875
1385.5673828125
1297.4193115234375
1354.603515625
1312.4610595703125
1341.5372314453125
1375.240966796875
1352.06689453125
1321.0146484375
1339.1473388671875
1324.3780517578125
1329.99853515625
1348.55712890625
1300.208984375
1354.94384765625
1363.686767578125
1369.0164794921875
1366.4158935546875
1341.0574951171875
1376.943359375
1350.0576171875
1322.0228271484375
1321.234130859375
1319.2215576171875
1389.962646484375
1351.7576904296875
1359.008544921875
1337.8858642578125
1368.9384765625
1311.9368896484375
1416.227294921875
1346.9521484375
1342.739990234375
1386.2552490234375
1392.4996337890625
1304.181884765625
1359.7742919921875
1296.953857421875
1328.74560546875
1309.3489990234375
1373.4364013671875
1310.6192626953125
1346.831298828125
1393.1123046875
1327.2158203125
1358.3472900390625
1347.7236328125
1326.98779296875
1356.8363037109375
1335.9892578125
1355.5223388671875
1323.8387451171875
1405.59765625
1334.539306640625
1337.51123046875
1342.61181640625
1384.8756103515625
1314.84228515625
1347.8582763671875
1335.7415771484375
1322.6533203125
1363.843994140625
1347.694580078125
1385.6158447265625
1368.9638671875
1280.5528564453125
1331.6009521484375
1365.8226318359375
1349.3853759765625
1351.1248779296875
1324.7769775390625
1312.9410400390625
1352.2911376953125
1353.1524658203125
1352.4970703125
1319.179443359375
1390.962646484375
1375.3702392578125
1364.1983642578125
1358.5521240234375
1347.6422119140625
1327.4403076171875
1319.09130859375
1350.9599609375
1334.9434814453125
1382.3458251953125
1345.600830078125
1362.7236328125
1339.9476318359375
1303.2181396484375
1311.4637451171875
1314.46044921875
1354.08837890625
1332.0908203125
1387.764404296875
1306.2237548828125
1395.7086181640625
1332.15380859375
1373.2860107421875
1369.460205078125
1375.4156494140625
1390.0345458984375
1353.040771484375
1332.335205078125
1356.0762939453125
1348.3133544921875
1337.1458740234375
1382.8984375
1338.8795166015625
1355.0865478515625
1342.8038330078125
1386.6650390625
1382.9195556640625
1388.7449951171875
1400.203857421875
1335.385498046875
1347.06591796875
1397.9088134765625
1335.125
1367.3719482421875
1336.9627685546875
1354.3231201171875
1325.8563232421875
1400.156005859375
1408.7791748046875
1322.393798828125
1371.7415771484375
1334.950439453125
1342.6173095703125
1300.90625
1333.154296875
1369.54052734375
1384.865478515625
1311.7530517578125
1303.9964599609375
1407.2987060546875
1313.3770751953125
1357.5999755859375
1378.7989501953125
1325.4852294921875
1355.2733154296875
1344.6173095703125
1380.8441162109375
1346.89306640625
1387.9034423828125
1349.713623046875
1325.3616943359375
1321.7540283203125
1338.131103515625
1349.399169921875
1330.23828125
1394.432373046875
1348.1109619140625
1305.250732421875
1324.126953125
1318.5433349609375
1351.49560546875
1364.6912841796875
1326.405029296875
1326.5135498046875
1353.1937255859375
1334.064697265625
1326.1998291015625
1393.8367919921875
1357.184814453125
1354.1064453125
1324.758544921875
1393.3787841796875
1361.493896484375
1311.9769287109375
1351.987548828125
1354.32958984375
1357.294189453125
1370.7249755859375
1328.288330078125
1324.2056884765625
1407.93359375
1302.69287109375
1341.889892578125
1371.154052734375
1344.48193359375
1339.6746826171875
1332.880615234375
1363.8743896484375
1348.720947265625
1342.00732421875
1344.604736328125
1330.483642578125
1329.8399658203125
1344.899169921875
1324.7193603515625
1356.6065673828125
1381.0670166015625
1342.954833984375
1311.9541015625
1389.2657470703125
1358.239990234375
1327.3680419921875
1364.0035400390625
1317.85302734375
1321.5523681640625
1372.08935546875
1338.0673828125
1339.0401611328125
1336.2003173828125
1305.8118896484375
1296.6749267578125
1342.2679443359375
1355.7244873046875
1336.3328857421875
1343.3193359375
1396.9205322265625
1342.3939208984375
1351.141357421875
1305.62548828125
1389.3431396484375
