1065.8438720703125
1148.0706787109375
1095.9678955078125
1060.5277099609375
1143.314453125
1090.1156005859375
1122.322021484375
1102.1717529296875
1124.678955078125
1109.15478515625
1117.312255859375
1096.99755859375
1179.568603515625
1137.2333984375
1113.0604248046875
1083.8544921875
1070.560546875
1133.84814453125
1109.783447265625
1114.6053466796875
1117.07763671875
1065.69970703125
1112.1309814453125
1101.0399169921875
1129.6307373046875
1163.1544189453125
1149.357666015625
1118.173095703125
1103.1639404296875
1086.554443359375
1167.20703125
1079.8909912109375
1122.2496337890625
1091.1607666015625
1137.4019775390625
1167.3291015625
1153.4659423828125
1125.2459716796875
1107.02001953125
1125.216552734375
1129.1700439453125
1180.19482421875
1095.6417236328125
1151.05712890625
1123.98095703125
1130.3402099609375
1119.3255615234375
1077.355712890625
1161.388671875
1104.7535400390625
1144.950927734375
1135.6636962890625
1127.678955078125
1101.2471923828125
1101.8382568359375
1104.4298095703125
1067.881591796875
1162.2855224609375
1127.7298583984375
1084.4052734375
1081.854736328125
1148.5372314453125
1077.04541015625
1058.6488037109375
1098.2618408203125
1154.854248046875
1076.3807373046875
1101.074951171875
1126.191162109375
1143.2591552734375
1126.3603515625
1164.487548828125
1162.5494384765625
1126.9725341796875
1154.3231201171875
1144.755615234375
1099.4195556640625
1132.3905029296875
1149.206787109375
1177.0633544921875
1102.1622314453125
1164.7177734375
1139.9869384765625
1131.6097412109375
1132.3125
1150.08984375
1133.5352783203125
1109.1273193359375
1088.5526123046875
1088.748779296875
1160.08056640625
1074.320556640625
1092.110107421875
1164.8858642578125
1173.8858642578125
1083.716796875
1176.0146484375
1142.656005859375
1082.30810546875
1148.0782470703125
1188.0128173828125
1165.1602783203125
1093.8760986328125
1142.6009521484375
1152.3424072265625
1113.78466796875
1117.575439453125
1111.31298828125
1125.8914794921875
1082.09130859375
1104.6351318359375
1106.155029296875
1113.26171875
1076.777587890625
1128.13671875
1113.6748046875
1138.937255859375
1089.84521484375
1129.6795654296875
1070.917236328125
1125.196533203125
1155.659912109375
1140.5999755859375
1090.4410400390625
1092.6175537109375
1123.53076171875
1030.94287109375
1121.31201171875
1157.112548828125
1156.72802734375
1132.401611328125
1065.465576171875
1112.9920654296875
1117.8123779296875
1099.213623046875
1110.41455078125
1112.282470703125
1091.248291015625
1155.8397216796875
1114.53466796875
1169.4552001953125
1128.8031005859375
1164.3536376953125
1120.9993896484375
1109.67138671875
1129.9959716796875
1138.607666015625
1063.900634765625
1106.8804931640625
1147.1488037109375
1095.0042724609375
1140.6822509765625
1130.7467041015625
1152.673828125
1109.9034423828125
1127.900390625
1128.0257568359375
1154.7291259765625
1095.8975830078125
1182.763427734375
1119.337890625
1084.2733154296875
1081.2601318359375
1127.887451171875
1140.159912109375
1096.217041015625
1145.2874755859375
1096.3076171875
1101.2120361328125
1065.4080810546875
1108.314697265625
1114.36083984375
1114.9658203125
1132.4892578125
1113.95703125
1145.945068359375
1115.60888671875
1138.0616455078125
1114.9176025390625
1167.474365234375
1144.2374267578125
1154.8209228515625
1086.9410400390625
1139.0830078125
1062.306640625
1202.9986572265625
1109.4349365234375
1139.99560546875
1118.0546875
1126.06201171875
1178.22265625
1044.448974609375
1165.0035400390625
1113.41796875
1090.7869873046875
1105.5709228515625
1117.8858642578125
1092.2642822265625
1155.24462890625
1150.5933837890625
1154.9375
1141.4029541015625
1095.0548095703125
1084.100830078125
1112.79638671875
1128.302734375
1130.3831787109375
1107.346923828125
1165.914306640625
1076.035888671875
1115.71142578125
1099.235595703125
1102.1033935546875
1128.655029296875
1108.2484130859375
1168.29931640625
1101.90380859375
1131.5008544921875
1093.5045166015625
1100.2735595703125
1125.75537109375
1114.49658203125
1128.2332763671875
1085.767578125
1106.0418701171875
1102.7802734375
1171.4793701171875
1072.1181640625
1201.4139404296875
1096.72705078125
1133.132080078125
1077.4686279296875
1084.667724609375
1097.3433837890625
1110.392333984375
1089.398193359375
1096.7537841796875
1156.0272216796875
1101.020751953125
1156.5997314453125
1124.8314208984375
1167.528564453125
1104.7591552734375
1133.944580078125
1117.3377685546875
1076.2060546875
1111.3812255859375
1138.014404296875
1089.00439453125
1074.7303466796875
1197.8909912109375
1123.894287109375
1167.2568359375
1130.1676025390625
1137.4244384765625
1127.4090576171875
1076.51220703125
1090.892822265625
1078.7652587890625
1080.7655029296875
1144.207275390625
1099.487060546875
1090.859619140625
1132.9151611328125
1060.5443115234375
1092.5560302734375
1130.9088134765625
1077.670166015625
1091.281982421875
1120.150390625
1131.3011474609375
1131.1055908203125
1125.2056884765625
1064.1470947265625
1119.0982666015625
1146.6348876953125
1119.523193359375
1131.0692138671875
1143.4095458984375
1130.888916015625
1142.2379150390625
1121.9285888671875
1158.967529296875
1111.6910400390625
1134.001220703125
1111.39404296875
1121.1219482421875
1049.769775390625
1116.069580078125
1081.429931640625
1088.8856201171875
1089.4569091796875
1105.06640625
1154.51416015625
1103.9521484375
1137.703369140625
1107.00439453125
1141.79736328125
1113.56201171875
1109.0367431640625
1135.6688232421875
1116.0927734375
1197.1700439453125
1052.323974609375
1145.861328125
1177.6260986328125
1155.0482177734375
1127.3323974609375
1113.8807373046875
1105.42529296875
1156.929931640625
1100.806396484375
1119.8961181640625
1108.8909912109375
1121.3387451171875
1101.3189697265625
1093.937744140625
1120.24609375
1178.5916748046875
1121.3701171875
1096.344970703125
1091.14306640625
1100.6865234375
1131.37158203125
1185.3045654296875
1115.181396484375
1110.4736328125
1141.02734375
1125.9549560546875
1088.80029296875
1111.421875
1149.731689453125
1099.3201904296875
1038.0623779296875
1140.5172119140625
1095.2408447265625
1091.7373046875
1135.49365234375
1075.9388427734375
1104.7508544921875
1050.056884765625
1155.7626953125
1118.67529296875
1135.0767822265625
1096.3326416015625
1103.55126953125
1110.938232421875
1127.1458740234375
1144.54931640625
1130.521240234375
1161.1009521484375
1113.9027099609375
1105.7578125
1152.6373291015625
1150.83984375
1135.4556884765625
1116.4796142578125
1089.0482177734375
1102.767822265625
1183.972412109375
1104.928466796875
1094.9425048828125
1092.3072509765625
1106.038330078125
1153.2982177734375
1146.2564697265625
1089.2225341796875
1143.3447265625
1169.619873046875
1084.579345703125
1180.9276123046875
1128.0916748046875
1147.7523193359375
1085.1339111328125
1104.072021484375
1121.8544921875
1154.15380859375
1062.213134765625
1133.6357421875
1119.8114013671875
1112.28125
1087.56787109375
1102.301513671875
1073.4617919921875
1088.3453369140625
1161.13623046875
1132.34814453125
1141.286865234375
1067.861572265625
1118.6365966796875
1100.0865478515625
1089.66259765625
1163.546875
1102.5477294921875
1167.4716796875
1137.0867919921875
1142.119873046875
1142.18701171875
1102.53515625
1114.9052734375
1168.0240478515625
1155.328369140625
1129.2694091796875
1088.912353515625
1159.470458984375
1175.1767578125
1147.6962890625
1156.126220703125
1098.3658447265625
1112.7178955078125
1123.99072265625
1072.7403564453125
1107.4688720703125
1236.1983642578125
1094.956298828125
1149.995849609375
1114.7166748046875
1080.150146484375
1081.8179931640625
1076.21728515625
1104.9039306640625
1187.6309814453125
1136.6739501953125
1145.304931640625
1106.197998046875
1088.20361328125
1087.9010009765625
1124.7491455078125
1118.9617919921875
1098.629150390625
1120.086669921875
1057.18994140625
1169.466552734375
1109.2877197265625
1162.4927978515625
1155.2532958984375
1154.7012939453125
1082.251953125
1076.31396484375
1092.7535400390625
1144.3841552734375
1097.456298828125
1143.6898193359375
1138.0810546875
1139.8277587890625
1183.7421875
1113.6839599609375
1106.389892578125
1085.056884765625
1121.2808837890625
1200.9158935546875
1110.741943359375
1118.6741943359375
1133.08837890625
1115.3802490234375
1106.0731201171875
1101.2886962890625
1140.747314453125
1150.6851806640625
1122.490966796875
1128.6358642578125
1098.159423828125
1159.6300048828125
1061.70556640625
1147.6185302734375
1140.25537109375
1107.5350341796875
1120.0882568359375
1139.5667724609375
1113.4368896484375
1100.0367431640625
1114.4974365234375
1137.451416015625
1139.2176513671875
1091.5517578125
1141.3206787109375
1124.5775146484375
1117.6163330078125
1124.15625
1088.3756103515625
1097.869140625
1108.702392578125
1067.2384033203125
1096.765380859375
1139.70849609375
1103.017822265625
1110.52685546875
1039.1988525390625
1120.0718994140625
1126.166748046875
1092.9273681640625
1113.6285400390625
1115.7506103515625
1099.6751708984375
1083.3873291015625
1111.853515625
1084.9254150390625
1112.2486572265625
1146.641845703125
1160.04931640625
