0.00086237 1.98643 1.9995055198669434 0.0022662 3.3571 3.6627871990203857 0.00208822 0.731338 0.7461159229278564
0.00172474 3.9725899999999994 3.8367698192596436 0.00453239 6.71255 6.680815696716309 0.00417644 1.4621 1.5447713136672974
0.00258711 5.86783 5.606586933135986 0.00679859 9.91338 9.60524845123291 0.00626467 2.13134 2.278855085372925
0.00344948 7.618659999999999 7.231632232666016 0.00906479 12.8427 12.197455406188965 0.00835289 2.7063 2.8112823963165283
0.00431185 9.14655 8.621390342712402 0.011331 15.305200000000001 14.382716178894043 0.0104411 3.14975 3.1408021450042725
0.00517422 10.2749 9.746336936950684 0.0135972 17.1519 16.052072525024414 0.0125293 3.39973 3.29434871673584
0.006036589999999999 11.1513 10.706294059753418 0.0158634 18.5425 17.388134002685547 0.0146176 3.51967 3.378920078277588
0.00689896 11.9241 11.505708694458008 0.0181296 19.5837 18.446197509765625 0.0167058 3.58418 3.4058163166046143
0.00776133 12.5915 12.210914611816406 0.0203958 20.3493 19.32734489440918 0.018794 3.60375 3.3907628059387207
0.0086237 13.1644 12.86540699005127 0.022662 20.8682 20.056413650512695 0.0208822 3.59402 3.349231243133545
0.00948607 13.6626 13.46284294128418 0.0249282 21.1651 20.657350540161133 0.0229704 3.57215 3.288294792175293
0.0103484 14.0963 14.0033597946167 0.0271944 21.3409 21.118282318115234 0.025058699999999996 3.54851 3.2023797035217285
0.011210799999999998 14.4762 14.516318321228027 0.0294606 21.4597 21.482622146606445 0.027146900000000005 3.52388 3.112508535385132
0.0120732 14.8126 14.955094337463379 0.0317267 21.5534 21.765193939208984 0.0292351 3.49904 3.048240900039673
0.0129356 15.1136 15.377915382385254 0.0339929 21.6319 21.99936866760254 0.0313233 3.47458 2.987919807434082
0.0120732 13.1272 14.454300880432129 0.0317267 18.2748 20.640796661376953 0.0292351 2.74324 2.803065299987793
0.011210799999999998 11.1407 12.887555122375488 0.0294606 14.9177 18.28696060180664 0.027146900000000005 2.0119 2.4129109382629395
0.0103484 9.15429 10.683454513549805 0.0271944 11.5606 14.948006629943848 0.025058699999999996 1.28056 1.7628443241119385
0.00948607 7.16786 8.032849311828613 0.0249282 8.20355 10.916641235351562 0.0229704 0.549223 0.9669603109359741
0.0103484 9.15429 7.986329555511475 0.0271944 11.5606 10.719481468200684 0.025058699999999996 1.28056 0.8920547962188721
0.011210799999999998 11.1407 9.00776195526123 0.0294606 14.9177 12.267868995666504 0.027146900000000005 2.0119 1.1781730651855469
0.0120732 13.1272 10.437175750732422 0.0317267 18.2748 14.48140811920166 0.0292351 2.74324 1.616502285003662
0.0129356 15.1136 12.049029350280762 0.0339929 21.6319 16.90105438232422 0.0313233 3.47458 2.082465648651123
0.013797899999999998 15.384899999999998 13.69612979888916 0.0362591 21.6989 19.124914169311523 0.0334116 3.45084 2.413156509399414
0.0146603 15.631899999999998 15.076013565063477 0.0385253 21.7567 20.83391761779785 0.0354998 3.42756 2.591675043106079
0.0155227 15.8577 15.95903205871582 0.0407915 21.8072 21.78546142578125 0.037588 3.40449 2.6322367191314697
0.016385 16.0645 16.515750885009766 0.043057700000000004 21.8517 22.18769073486328 0.0396762 3.38137 2.6624579429626465
0.0172474 16.2537 16.919984817504883 0.0453239 21.8912 22.474557876586914 0.0417644 3.35797 2.670661687850952
0.0181098 16.4265 17.198122024536133 0.0475901 21.9267 22.60951042175293 0.043852699999999994 3.33406 2.6530182361602783
0.0189721 16.5846 17.481122970581055 0.0498563 21.9591 22.739887237548828 0.0459409 3.30939 2.6104049682617188
