-0.00228265 -1.99364 -2.508302688598633 0.000519094 -0.385783 -0.27324846386909485 0.00218175 0.886407 0.9734492897987366
-0.0045653 -3.97683 -4.419793605804443 0.00103819 -0.76542 -0.5438107252120972 0.00436351 1.76693 1.6729459762573242
-0.00684795 -5.76333 -6.130133628845215 0.00155728 -1.05498 -0.6754658818244934 0.00654526 2.56836 2.3898680210113525
-0.0091306 -7.3052 -7.424845218658447 0.00207638 -1.22113 -0.6335411667823792 0.00872701 3.25847 3.0617878437042236
-0.0114133 -8.15067 -8.294685363769531 0.00259547 -0.9854069999999999 -0.44410455226898193 0.010908800000000001 3.56171 3.5792579650878906
-0.0136959 -8.52896 -8.93426513671875 0.00311457 -0.480012 -0.09908844530582428 0.0130905 3.58924 3.964128255844116
-0.0159786 -8.79989 -9.41050910949707 0.00363366 0.0416065 0.28314176201820374 0.0152723 3.60728 4.260435581207275
-0.0182612 -8.99764 -9.730775833129883 0.00415275 0.560662 0.7177466750144958 0.017454 3.61786 4.499774932861328
-0.0205439 -9.14126 -9.936945915222168 0.00467185 1.05861 1.169817566871643 0.0196358 3.6148 4.71235990524292
-0.0228265 -9.23241 -10.06086540222168 0.00519094 1.54671 1.6518769264221191 0.0218175 3.60216 4.896916389465332
-0.0251092 -9.28415 -10.125280380249023 0.00571004 2.03057 2.160006284713745 0.0239993 3.59174 5.0768351554870605
-0.0273918 -9.31771 -10.152582168579102 0.00622913 2.50684 2.694812297821045 0.026181 3.58411 5.218787670135498
-0.0296745 -9.343 -10.199366569519043 0.00674823 2.9773 3.224290132522583 0.0283628 3.57734 5.419847011566162
-0.0319571 -9.36333 -10.14083480834961 0.00726732 3.433 3.7558271884918213 0.0305446 3.57074 5.54583740234375
-0.0342398 -9.38061 -10.167957305908203 0.0077864100000000006 3.8732999999999995 4.288873672485352 0.0327263 3.56372 5.72197151184082
-0.0319571 -7.38696 -9.208537101745605 0.00726732 4.25908 4.416871070861816 0.0305446 2.67732 5.135744571685791
-0.0296745 -5.39332 -7.661479473114014 0.00674823 4.64486 4.41152286529541 0.0283628 1.79091 4.260152816772461
-0.0273918 -3.39968 -5.650254726409912 0.00622913 5.03065 4.381898880004883 0.026181 0.904502 3.2702953815460205
-0.0251092 -1.40604 -3.3804383277893066 0.00571004 5.41643 4.434103965759277 0.0239993 0.0180953 2.218931198120117
-0.0273918 -3.39968 -3.070582389831543 0.00622913 5.03065 4.487360000610352 0.026181 0.904502 2.3369126319885254
-0.0296745 -5.39332 -3.8420045375823975 0.00674823 4.64486 4.4201836585998535 0.0283628 1.79091 2.9956469535827637
-0.0319571 -7.38696 -5.203074932098389 0.00726732 4.25908 4.282972812652588 0.0305446 2.67732 3.8430020809173584
-0.0342398 -9.38061 -6.643962383270264 0.0077864100000000006 3.8732999999999995 4.285452842712402 0.0327263 3.56372 4.577486991882324
-0.0365224 -9.39585 -7.831024169921875 0.00830551 4.29869 4.488225936889648 0.0349081 3.55614 5.117444038391113
-0.0388051 -9.40923 -8.84223461151123 0.0088246 4.71207 4.794111251831055 0.0370898 3.5485 5.645373344421387
-0.0410877 -9.42101 -9.617081642150879 0.0093437 5.1093 5.2375922203063965 0.0392716 3.54112 6.112421989440918
-0.04337040000000001 -9.43113 -9.931779861450195 0.00986279 5.49678 5.733256816864014 0.04145329999999999 3.53439 6.3079938888549805
-0.045653 -9.4398 -10.093157768249512 0.010381899999999998 5.87171 6.193593978881836 0.0436351 3.52838 6.453991889953613
-0.0479357 -9.44701 -10.016300201416016 0.010901 6.2347 6.493122577667236 0.0458168 3.52327 6.431260585784912
-0.0502183 -9.45297 -10.08974838256836 0.0114201 6.58419 6.753317356109619 0.0479986 3.51896 6.5617170333862305
