0.00248454 2.95552 2.888401985168457 -0.000239805 0.769255 0.9136921167373657 0.00200239 0.903091 0.8992659449577332
0.00496908 5.85955 5.735418319702148 -0.00047961 1.53249 1.6704182624816895 0.00400477 1.79391 1.8012611865997314
0.00745362 8.54773 8.234780311584473 -0.0007194149999999999 2.25971 2.3412933349609375 0.00600716 2.62379 2.653367519378662
0.00993816 10.7188 10.363289833068848 -0.00095922 2.89998 2.889910936355591 0.00800954 3.35617 3.351067066192627
0.0124227 12.3451 12.133395195007324 -0.00119903 3.43269 3.343052864074707 0.0100119 3.9754500000000004 3.923668146133423
0.014907200000000002 13.6233 13.546865463256836 -0.0014388299999999999 3.87795 3.7010791301727295 0.012014299999999999 4.46969 4.402918338775635
0.0173918 14.6514 14.725920677185059 -0.00167864 4.24533 3.9619407653808594 0.0140167 4.86203 4.818858623504639
0.0198763 15.4438 15.649906158447266 -0.00191844 4.52749 4.133800506591797 0.0160191 5.16137 5.147783279418945
0.0223609 16.0096 16.41144371032715 -0.00215825 4.7082 4.218009948730469 0.0180215 5.36497 5.3927788734436035
0.0248454 16.4039 17.004470825195312 -0.00239805 4.79576 4.238461017608643 0.020023900000000004 5.49535 5.599813461303711
0.02733 16.6756 17.486982345581055 -0.0026378599999999997 4.81552 4.214772701263428 0.0220262 5.57978 5.754650115966797
0.0298145 16.8745 17.90414047241211 -0.0028776599999999998 4.80525 4.1449875831604 0.024028599999999997 5.64361 5.874513149261475
0.032299 17.024 18.275440216064453 -0.0031174699999999994 4.78355 4.041863441467285 0.026031 5.6961 5.977926731109619
0.0347836 17.1354 18.556114196777344 -0.0033572700000000003 4.75538 3.941160202026367 0.0280334 5.74137 6.034684658050537
0.0372681 17.2155 18.85202980041504 -0.00359708 4.72137 3.8482954502105713 0.030035799999999998 5.7827 6.088037490844727
0.0347836 14.2599 17.524999618530273 -0.0033572700000000003 3.9524 3.560551881790161 0.0280334 4.87968 5.778012275695801
0.032299 11.3044 15.166669845581055 -0.0031174699999999994 3.18365 3.1098015308380127 0.026031 3.97668 5.130947589874268
0.0298145 8.34919 11.927960395812988 -0.0028776599999999998 2.41578 2.416963577270508 0.024028599999999997 3.07353 4.168989658355713
0.02733 5.39402 7.996740818023682 -0.0026378599999999997 1.64824 1.4784520864486694 0.0220262 2.17038 2.952143907546997
0.0298145 8.34955 7.8041768074035645 -0.0028776599999999998 2.4175 1.2788738012313843 0.024028599999999997 3.07347 2.7512776851654053
0.032299 11.3051 9.389013290405273 -0.0031174699999999994 3.18675 1.4937533140182495 0.026031 3.9765599999999997 3.1195664405822754
0.0347836 14.2606 11.568329811096191 -0.0033572700000000003 3.95601 1.9042044878005981 0.0280334 4.87965 3.721747875213623
0.0372681 17.214 13.860311508178711 -0.00359708 4.72471 2.377098321914673 0.030035799999999998 5.78214 4.363909721374512
0.0397527 17.2703 15.970342636108398 -0.00383688 4.68368 2.816868782043457 0.0320382 5.8214 4.9438252449035645
0.0422372 17.3081 17.699207305908203 -0.00407669 4.64218 3.1584854125976562 0.0340406 5.8589 5.417088985443115
0.04472170000000001 17.3347 18.802799224853516 -0.00431649 4.60157 3.3216757774353027 0.0360429 5.89569 5.724269390106201
0.04720630000000001 17.3537 19.33158302307129 -0.0045563 4.562 3.3480594158172607 0.0380453 5.93202 5.9161787033081055
0.0496908 17.3669 19.73322868347168 -0.0047961 4.52473 3.2990639209747314 0.0400477 5.9676 5.972455978393555
0.0521754 17.3758 19.869699478149414 -0.005035909999999999 4.48879 3.2693653106689453 0.0420501 6.00242 5.891585350036621
0.0546599 17.3811 20.057804107666016 -0.00527571 4.45342 3.223950147628784 0.0440525 6.03652 5.813752174377441
