0.000908748 1.9647499999999998 1.5714199542999268 0.00229521 2.91662 3.0095715522766113 -0.00203622 -0.593646 -0.5246910452842712
0.0018175000000000003 3.9188999999999994 3.4174985885620117 0.00459042 5.80472 5.851620674133301 -0.00407244 -1.17955 -1.079576849937439
0.0027262399999999996 5.73814 4.978969097137451 0.00688563 8.39057 8.140264511108398 -0.006108659999999999 -1.67313 -1.448617935180664
0.00363499 7.36028 6.193136215209961 0.00918083 10.5818 9.903358459472656 -0.00814488 -2.04885 -1.6143211126327515
0.00454374 8.46972 6.984665393829346 0.011476 11.8365 11.039260864257812 -0.0101811 -2.14767 -1.602866768836975
0.00545249 9.21802 7.573773384094238 0.0137713 12.3274 11.70869255065918 -0.0122173 -2.02236 -1.5678277015686035
0.00636124 9.88554 8.178544044494629 0.0160665 12.6984 12.3739013671875 -0.0142535 -1.86478 -1.5271458625793457
0.007269989999999999 10.4572 8.775975227355957 0.0183617 13.0113 13.001859664916992 -0.0162898 -1.68403 -1.4588751792907715
0.00817873 10.8666 9.371545791625977 0.0206569 13.2815 13.58281135559082 -0.018326 -1.46738 -1.3731106519699097
0.00908748 11.1726 9.958630561828613 0.0229521 13.5249 14.16714859008789 -0.0203622 -1.23542 -1.2705379724502563
0.00999623 11.4434 10.441362380981445 0.0252473 13.7507 14.70605754852295 -0.0223984 -1.01138 -1.1321134567260742
0.010905 11.6912 10.81933879852295 0.0275425 13.9609 15.088489532470703 -0.0244346 -0.798263 -0.944065511226654
0.011813699999999998 11.9221 11.160904884338379 0.0298377 14.1571 15.30044174194336 -0.0264709 -0.596686 -0.8485742807388306
0.012722500000000001 12.1377 11.504846572875977 0.0321329 14.34 15.654535293579102 -0.0285071 -0.407351 -0.7573270797729492
0.0136312 12.3397 11.839093208312988 0.0344281 14.5101 15.928372383117676 -0.0305433 -0.229989 -0.6683269143104553
0.012722500000000001 10.375 11.010758399963379 0.0321329 11.5935 14.81556510925293 -0.0285071 0.363657 -0.32267606258392334
0.011813699999999998 8.41025 9.50581169128418 0.0298377 8.67687 12.53971004486084 -0.0264709 0.957302 0.26924601197242737
0.010905 6.4455 7.5738983154296875 0.0275425 5.76025 9.497048377990723 -0.0244346 1.55095 0.8317568302154541
0.00999623 4.48076 5.087603569030762 0.0252473 2.84363 5.5800580978393555 -0.0223984 2.14459 1.4257110357284546
0.010905 6.4455 4.9513373374938965 0.0275425 5.76025 5.360292434692383 -0.0244346 1.55095 1.2300442457199097
0.011813699999999998 8.41025 6.07513952255249 0.0298377 8.67687 7.072742462158203 -0.0264709 0.957302 0.7358425855636597
0.012722500000000001 10.375 7.721063137054443 0.0321329 11.5935 9.488248825073242 -0.0285071 0.363657 0.13296560943126678
0.0136312 12.3397 9.389032363891602 0.0344281 14.5101 11.907156944274902 -0.0305433 -0.229989 -0.3293720781803131
0.014540000000000003 12.5283 10.705283164978027 0.0367233 14.6675 13.705069541931152 -0.0325795 -0.0649637 -0.4995206296443939
0.0154487 12.7044 11.712980270385742 0.0390185 14.8128 15.201805114746094 -0.0346157 0.0883609 -0.5675628781318665
0.0163575 12.8695 12.286897659301758 0.0413138 14.9475 16.289697647094727 -0.036652 0.231307 -0.596714973449707
0.0172662 13.0249 12.520968437194824 0.043609 15.072400000000002 16.682601928710938 -0.0386882 0.364635 -0.40018314123153687
0.018175 13.1706 12.689702987670898 0.0459042 15.187499999999998 16.79642677307129 -0.0407244 0.48840199999999995 -0.28631576895713806
0.0190837 13.3064 12.865998268127441 0.0481994 15.292399999999999 16.965402603149414 -0.042760599999999996 0.602215 -0.20087236166000366
0.0199925 13.4314 13.064496040344238 0.0504946 15.385699999999998 17.2623233795166 -0.0447969 0.704903 -0.13275966048240662
