0.00217249 1.55398 0.7064456343650818 -0.00234698 -1.80234 -2.3278849124908447 0.000109526 -0.015067099999999998 0.0842064768075943
0.00434497 3.1012 2.9134292602539062 -0.00469396 -3.59796 -3.6396055221557617 0.000219052 -0.0291817 0.04294141009449959
0.00651746 4.54698 4.348783493041992 -0.007040940000000001 -5.22653 -5.270412921905518 0.00032857800000000005 -0.0254742 0.03498532995581627
0.00868994 5.82425 5.943243503570557 -0.00938792 -6.68784 -6.699773788452148 0.00043810500000000005 -0.00622556 0.035697489976882935
0.0108624 6.85453 7.294039249420166 -0.0117349 -7.8788100000000005 -7.982629299163818 0.000547631 0.0250419 0.020830506458878517
0.0130349 7.57875 8.438507080078125 -0.0140819 -8.69481 -8.873729705810547 0.0006571569999999999 0.0945012 0.06912697851657867
0.0152074 8.08372 9.232490539550781 -0.0164289 -9.19935 -9.342503547668457 0.0007666830000000001 0.194963 0.12858456373214722
0.0173799 8.46412 9.962258338928223 -0.0187758 -9.53297 -9.462095260620117 0.000876209 0.296802 0.12261062860488892
0.0195524 8.69608 10.412554740905762 -0.0211228 -9.77686 -9.701160430908203 0.000985735 0.38614 0.1216435581445694
0.0217249 8.79259 10.49292278289795 -0.0234698 -9.96601 -10.08687686920166 0.00109526 0.459878 0.14365246891975403
0.0238973 8.82102 10.666528701782227 -0.025816799999999997 -10.1085 -10.257790565490723 0.00120479 0.524507 0.19120781123638153
0.0260698 8.81611 10.459515571594238 -0.0281638 -10.2129 -10.876825332641602 0.00131431 0.584544 0.22707228362560272
0.028242299999999998 8.7926 9.75161075592041 -0.0305107 -10.2982 -11.711636543273926 0.00142384 0.642284 0.21292506158351898
0.0304148 8.75781 9.25898551940918 -0.0328577 -10.3736 -12.00326156616211 0.00153337 0.699046 0.23236019909381866
0.0325873 8.7166 8.720046997070312 -0.0352047 -10.4412 -12.293458938598633 0.00164289 0.75537 0.264152467250824
0.0304148 7.16262 6.241194248199463 -0.0328577 -8.63886 -12.739164352416992 0.00153337 0.770437 0.29541271924972534
0.028242299999999998 5.60864 3.3586366176605225 -0.0305107 -6.83652 -11.751424789428711 0.00142384 0.785504 0.3569061756134033
0.0260698 4.05466 1.065677285194397 -0.0281638 -5.03418 -9.576769828796387 0.00131431 0.800571 0.33529388904571533
0.0238973 2.50068 -1.0833877325057983 -0.025816799999999997 -3.23183 -7.600692272186279 0.00120479 0.815638 0.20889803767204285
0.0260698 4.05466 0.11072371900081635 -0.0281638 -5.03418 -7.357501029968262 0.00131431 0.800571 0.11605969816446304
0.028242299999999998 5.60864 1.771586537361145 -0.0305107 -6.83652 -8.164327621459961 0.00142384 0.785504 0.12070997059345245
0.0304148 7.16262 3.915464401245117 -0.0328577 -8.63886 -9.325207710266113 0.00153337 0.770437 0.12119260430335999
0.0325873 8.7166 5.983285427093506 -0.0352047 -10.4412 -10.499876022338867 0.00164289 0.75537 0.20739930868148804
0.0347598 8.67159 7.4777045249938965 -0.0375517 -10.5033 -11.232865333557129 0.0017524200000000002 0.811265 0.3319644331932068
0.0369322 8.62425 7.7371087074279785 -0.0398986 -10.5619 -11.824880599975586 0.00186194 0.866712 0.29990386962890625
0.0391047 8.57552 7.200856685638428 -0.0422456 -10.6186 -12.575652122497559 0.00197147 0.921723 0.23861320316791534
0.0412772 8.52593 6.727911949157715 -0.0445926 -10.674 -13.152037620544434 0.002081 0.9763290000000001 0.22386440634727478
0.0434497 8.47576 5.634596347808838 -0.0469396 -10.7287 -13.754814147949219 0.00219052 1.03059 0.26277825236320496
0.0456222 8.4252 5.63626766204834 -0.0492866 -10.783 -13.505936622619629 0.00230005 1.08453 0.2682454586029053
0.0477947 8.3744 5.750603675842285 -0.0516335 -10.8369 -13.324784278869629 0.00240957 1.13822 0.2382570505142212
