-0.0007409459999999999 0.535406 -0.5416510105133057 0.00221318 1.8356 1.197396159172058 -0.00218925 -0.950342 -0.7131503224372864
-0.0014818900000000002 1.06832 -0.21562343835830688 0.00442636 3.64232 3.2045156955718994 -0.00437851 -1.90168 -1.7173130512237549
-0.00222284 1.57997 -0.09351005405187607 0.00663954 5.30841 4.717400550842285 -0.00656776 -2.83912 -2.6166155338287354
-0.0029637800000000005 2.03733 0.22835400700569153 0.00885272 6.68684 6.242857456207275 -0.00875702 -3.72982 -3.4391353130340576
-0.00370473 2.41597 0.6096065044403076 0.0110659 7.767969999999999 7.605817794799805 -0.0109463 -4.56507 -4.165921688079834
-0.00444568 2.67971 1.066429615020752 0.0132791 8.54606 8.861730575561523 -0.0131355 -5.28793 -4.784831523895264
-0.00518662 2.78504 1.5290018320083618 0.0154923 9.01136 9.937692642211914 -0.015324800000000001 -5.85582 -5.277345657348633
-0.00592757 2.72044 1.9613951444625854 0.0177054 9.17255 10.79334831237793 -0.017514 -6.26002 -5.642061233520508
-0.00666852 2.6005 2.410456657409668 0.0199186 9.24364 11.515168190002441 -0.0197033 -6.60036 -5.889329433441162
-0.00740946 2.45833 2.6538355350494385 0.0221318 9.27764 11.92116928100586 -0.0218925 -6.90611 -6.043365001678467
-0.00815041 2.31106 2.7054781913757324 0.024345 9.29409 12.112881660461426 -0.0240818 -7.1881 -6.1637282371521
-0.00889135 2.16622 2.375795841217041 0.0265582 9.29896 12.053712844848633 -0.026271 -7.44954 -6.26005220413208
-0.0096323 2.02581 1.906654715538025 0.0287713 9.2954 11.837836265563965 -0.0284603 -7.6919 -6.349871635437012
-0.0103732 1.8915099999999998 1.3722320795059204 0.030984500000000005 9.28445 11.573232650756836 -0.030649600000000003 -7.916190000000001 -6.3716864585876465
-0.0111142 1.76717 0.956043004989624 0.0331977 9.26739 11.430540084838867 -0.0328388 -8.12209 -6.398025989532471
-0.0103732 1.23198 0.42259135842323303 0.030984500000000005 7.43183 10.443900108337402 -0.030649600000000003 -7.1718 -6.063854217529297
-0.0096323 0.696916 0.144516259431839 0.0287713 5.59629 8.912335395812988 -0.0284603 -6.22153 -5.390268325805664
-0.00889135 0.161971 -0.20973515510559082 0.0265582 3.76078 6.92844295501709 -0.026271 -5.27129 -4.488480567932129
-0.00815041 -0.372641 -0.5000473260879517 0.024345 1.9255699999999998 4.97256326675415 -0.0240818 -4.32099 -3.5347349643707275
-0.00889135 0.162765 0.3714134693145752 0.0265582 3.76117 6.281739234924316 -0.026271 -5.27133 -3.908440589904785
-0.0096323 0.69817 0.6946746110916138 0.0287713 5.59677 7.665881156921387 -0.0284603 -6.22167 -4.581879615783691
-0.0103732 1.23358 0.9535790085792542 0.030984500000000005 7.43237 9.12379264831543 -0.030649600000000003 -7.17201 -5.233238697052002
-0.0111142 1.76846 0.9061136245727539 0.0331977 9.26692 10.252494812011719 -0.0328388 -8.12182 -5.738853454589844
-0.0118551 1.65465 0.3293846547603607 0.0354109 9.24303 10.641536712646484 -0.0350281 -8.31226 -6.0759663581848145
-0.012596100000000002 1.5535 -0.5924100875854492 0.0376241 9.21377 10.31723690032959 -0.0372173 -8.48818 -6.161742687225342
-0.013337 1.45749 -1.006492257118225 0.0398372 9.18101 10.139286041259766 -0.0394066 -8.65256 -6.165826797485352
-0.014078 1.36631 -1.2567861080169678 0.0420504 9.14695 10.067620277404785 -0.041595799999999995 -8.80549 -6.178694248199463
-0.0148189 1.28076 -1.7466509342193604 0.0442636 9.11236 9.785568237304688 -0.0437851 -8.94799 -6.175058364868164
-0.0155599 1.20121 -2.326188325881958 0.0464768 9.0784 9.276660919189453 -0.0459743 -9.08007 -6.100988388061523
-0.0163008 1.13028 -2.756788969039917 0.04869 9.04656 8.843936920166016 -0.0481636 -9.2014 -6.017416000366211
