-0.00206907 -1.68304 -2.4130523204803467 0.0020008 1.55696 0.8122780323028564 0.00139848 0.433237 0.6363657116889954
-0.00413815 -3.35577 -3.838683843612671 0.00400159 3.10153 2.5798394680023193 0.00279696 0.863853 1.2302703857421875
-0.006207220000000001 -4.95977 -5.41355037689209 0.00600239 4.53635 4.036131858825684 0.00419543 1.27969 1.7472325563430786
-0.0082763 -6.42574 -6.583985805511475 0.00800319 5.80178 5.553529739379883 0.005593909999999999 1.66575 2.175802707672119
-0.0103454 -7.69899 -7.487426280975342 0.010004000000000002 6.73532 6.916640281677246 0.00699239 2.0107 2.524320125579834
-0.0124144 -8.78033 -8.210890769958496 0.012004799999999998 7.2805 8.14941692352295 0.00839087 2.30317 2.8006412982940674
-0.0144835 -9.64718 -8.797661781311035 0.0140056 7.62211 9.198156356811523 0.00978934 2.56042 2.99847149848938
-0.0165526 -10.3312 -9.189287185668945 0.0160064 7.833430000000001 10.131486892700195 0.0111878 2.79933 3.1500065326690674
-0.0186217 -10.8818 -9.475396156311035 0.0180072 7.909180000000001 10.913475036621094 0.0125863 3.02289 3.2857484817504883
-0.0206907 -11.3047 -9.756436347961426 0.020008000000000005 7.895959999999999 11.468306541442871 0.0139848 3.22515 3.414942979812622
-0.0227598 -11.6303 -10.291056632995605 0.022008800000000002 7.837670000000001 11.615572929382324 0.0153833 3.40794 3.5432913303375244
-0.0248289 -11.8887 -10.840563774108887 0.024009599999999996 7.752230000000001 11.623448371887207 0.0167817 3.57518 3.6693713665008545
-0.026898 -12.0942 -11.427221298217773 0.0260104 7.660760000000001 11.585163116455078 0.0181802 3.72545 3.7727794647216797
-0.028967 -12.2618 -12.005463600158691 0.0280112 7.56738 11.486456871032715 0.0195787 3.86304 3.861295700073242
-0.031036099999999997 -12.4017 -12.542386054992676 0.030012 7.47292 11.33905029296875 0.0209772 3.9903900000000005 3.9338769912719727
-0.028967 -10.7186 -12.572772026062012 0.0280112 5.91595 10.040785789489746 0.0195787 3.55715 3.750014066696167
-0.026898 -9.03561 -11.642992973327637 0.0260104 4.35899 7.828029155731201 0.0181802 3.12392 3.294102430343628
-0.0248289 -7.35257 -10.376955032348633 0.024009599999999996 2.80203 5.051628112792969 0.0167817 2.69068 2.637288808822632
-0.0227598 -5.66952 -8.834905624389648 0.022008800000000002 1.24506 2.367187976837158 0.0153833 2.25744 1.898557424545288
-0.0248289 -7.35257 -7.907556533813477 0.024009599999999996 2.80203 3.280831813812256 0.0167817 2.69068 1.8793681859970093
-0.026898 -9.03561 -8.338309288024902 0.0260104 4.35899 4.713606834411621 0.0181802 3.12392 2.2324254512786865
-0.028967 -10.7186 -9.093571662902832 0.0280112 5.91595 6.721928119659424 0.0195787 3.55715 2.7485620975494385
-0.031036099999999997 -12.4017 -10.205436706542969 0.030012 7.47292 8.73180103302002 0.0209772 3.9903900000000005 3.3022217750549316
-0.0331052 -12.5223 -11.691712379455566 0.0320128 7.37865 9.931952476501465 0.0223756 4.10856 3.721212387084961
-0.0351743 -12.6297 -13.011728286743164 0.0340136 7.28612 10.107401847839355 0.0237741 4.2184 3.927993059158325
-0.0372433 -12.727 -13.89144229888916 0.0360144 7.19685 9.887554168701172 0.0251726 4.32063 4.029498100280762
-0.0393124 -12.8158 -14.452021598815918 0.0380152 7.11214 9.700469017028809 0.0265711 4.41589 4.080365180969238
-0.0413815 -12.8967 -14.989669799804688 0.0400159 7.0327 9.389972686767578 0.0279696 4.50478 4.103209018707275
-0.0434506 -12.9701 -15.394426345825195 0.0420167 6.9589 9.168407440185547 0.029368 4.58773 4.074754238128662
-0.0455196 -13.0361 -15.754938125610352 0.0440175 6.89098 8.86378288269043 0.030766499999999995 4.66504 4.025472164154053
