0.000354263 1.35721 1.3801302909851074 0.0025405 3.76711 3.821969747543335 0.00191321 0.587526 0.8349429368972778
0.0007085249999999999 2.714 2.77101731300354 0.005081 7.52845 7.407897472381592 0.00382642 1.17286 1.5321146249771118
0.00106279 4.02772 3.961714506149292 0.007621489999999999 11.1066 10.861443519592285 0.00573963 1.71063 2.1095921993255615
0.0014170499999999998 5.24026 4.872244358062744 0.010162 14.3483 13.820100784301758 0.00765284 2.17472 2.5548839569091797
0.00177131 6.33208 5.515544414520264 0.012702499999999999 16.9885 16.129493713378906 0.00956605 2.54181 2.860882520675659
0.00212558 7.20616 5.996146202087402 0.015243 18.9862 17.994897842407227 0.0114793 2.78851 3.062605381011963
0.00247984 7.8147 6.351382255554199 0.0177835 20.4658 19.51340675354004 0.0133925 2.94269 3.2032740116119385
0.0028340999999999996 8.22229 6.601839542388916 0.020324 21.5617 20.736358642578125 0.0153057 3.05025 3.305536985397339
0.00318836 8.46066 6.782433986663818 0.0228645 22.279 21.690317153930664 0.0172189 3.13569 3.3942599296569824
0.0035426300000000006 8.59533 6.907891273498535 0.025404999999999997 22.6165 22.40946388244629 0.0191321 3.23963 3.4835190773010254
0.00389689 8.67958 6.983469009399414 0.0279455 22.758 22.915477752685547 0.0210453 3.35048 3.558535575866699
0.00425115 8.75136 7.005195617675781 0.030486 22.8386 23.21764373779297 0.022958499999999996 3.44812 3.5961687564849854
0.00460541 8.81779 6.95009183883667 0.0330265 22.8875 23.314725875854492 0.0248717 3.53337 3.568063497543335
0.00495968 8.88187 6.801920413970947 0.035567 22.9161 23.245920181274414 0.0267849 3.6079 3.49314284324646
0.00531394 8.9453 6.620728015899658 0.0381075 22.9319 23.095020294189453 0.0286981 3.67282 3.4070675373077393
0.00495968 7.58809 5.893764972686768 0.035567 19.1648 21.587614059448242 0.0267849 3.08529 3.173893451690674
0.00460541 6.23088 4.897434234619141 0.0330265 15.397699999999999 18.663219451904297 0.0248717 2.49777 2.7770016193389893
0.00425115 4.87367 3.79909610748291 0.030486 11.6306 14.988160133361816 0.022958499999999996 1.91024 2.2495195865631104
0.00389689 3.51646 2.6938416957855225 0.0279455 7.863499999999999 11.17206859588623 0.0210453 1.32272 1.6429951190948486
0.00425115 4.87367 2.6129519939422607 0.030486 11.6306 10.4141845703125 0.022958499999999996 1.91024 1.467250943183899
0.00460541 6.23088 3.3081531524658203 0.0330265 15.397699999999999 12.390556335449219 0.0248717 2.49777 1.7546955347061157
0.00495968 7.58809 4.376048564910889 0.035567 19.1648 15.99094009399414 0.0267849 3.08529 2.2797515392303467
0.00531394 8.9453 5.384477138519287 0.0381075 22.9319 19.104515075683594 0.0286981 3.67282 2.7240490913391113
0.005668199999999999 9.00742 6.1373982429504395 0.040648 22.9398 21.34627914428711 0.0306113 3.73011 3.043126106262207
0.00602246 9.06995 6.655698299407959 0.0431885 22.9428 22.834062576293945 0.0325246 3.7811600000000003 3.246760606765747
0.006376730000000001 9.13334 6.985723495483398 0.045729 22.9424 23.527658462524414 0.0344378 3.82663 3.349071741104126
0.00673099 9.19777 7.149415493011475 0.0482695 22.9398 23.801246643066406 0.036351 3.8669700000000002 3.386967658996582
0.00708525 9.26331 7.218320369720459 0.050809999999999994 22.9356 23.881784439086914 0.0382642 3.90263 3.3795158863067627
0.00743951 9.3299 7.256857872009277 0.0533505 22.9306 23.88063621520996 0.0401774 3.9339300000000006 3.3490896224975586
0.00779378 9.39743 7.316171646118164 0.0558909 22.9249 23.887935638427734 0.0420906 3.96127 3.319157361984253
