0.00226598 1.5078 1.8647938966751099 -0.00222313 -1.33493 -1.2131589651107788 -0.000403752 -0.241302 -0.05716735124588013
0.00453196 3.00858 3.5307703018188477 -0.00444627 -2.66558 -2.768575668334961 -0.000807504 -0.48293 -0.2211712896823883
0.00679794 4.44485 5.048802852630615 -0.0066694 -3.91206 -4.092710018157959 -0.00121126 -0.72861 -0.362577885389328
0.00906392 5.74986 6.312650203704834 -0.00889253 -5.02889 -5.271045684814453 -0.00161501 -0.968854 -0.49054813385009766
0.0113299 6.87133 7.393472671508789 -0.011115699999999997 -5.9635 -6.3140716552734375 -0.00201876 -1.204 -0.597844123840332
0.0135959 7.80676 8.282893180847168 -0.0133388 -6.67146 -7.143681526184082 -0.00242251 -1.43438 -0.6893460750579834
0.0158619 8.597 9.027268409729004 -0.0155619 -7.18951 -7.798556804656982 -0.00282626 -1.65533 -0.7637208700180054
0.0181278 9.25689 9.645235061645508 -0.0177851 -7.565070000000001 -8.324421882629395 -0.00323001 -1.85231 -0.8179659247398376
0.0203938 9.7925 10.159576416015625 -0.020008200000000004 -7.81844 -8.758639335632324 -0.00363377 -2.02379 -0.858665406703949
0.0226598 10.211 10.574979782104492 -0.0222313 -7.98124 -9.112393379211426 -0.00403752 -2.17403 -0.884672224521637
0.0249258 10.5467 10.90377140045166 -0.024454500000000004 -8.08937 -9.39140796661377 -0.00444127 -2.30779 -0.8988762497901917
0.0271918 10.8344 11.154410362243652 -0.0266776 -8.16235 -9.588167190551758 -0.00484502 -2.42718 -0.9040007591247559
0.0294577 11.0861 11.321259498596191 -0.0289007 -8.21632 -9.685582160949707 -0.00524877 -2.53289 -0.9021139144897461
0.0317237 11.3067 11.40894889831543 -0.0311239 -8.26 -9.687352180480957 -0.00565253 -2.62692 -0.8992574214935303
0.0339897 11.5004 11.445054054260254 -0.033347 -8.29791 -9.632607460021973 -0.00605628 -2.70933 -0.8929991722106934
0.0317237 9.99261 10.95190715789795 -0.0311239 -6.96297 -9.158591270446777 -0.00565253 -2.46803 -0.8427463173866272
0.0294577 8.48481 9.847784042358398 -0.0289007 -5.62804 -8.080184936523438 -0.00524877 -2.22673 -0.7612144947052002
0.0271918 6.97701 8.323907852172852 -0.0266776 -4.29311 -6.558053016662598 -0.00484502 -1.98543 -0.6450262069702148
0.0249258 5.4692 6.571699142456055 -0.024454500000000004 -2.95817 -4.792180061340332 -0.00444127 -1.74412 -0.5118018388748169
0.0271918 6.97701 6.017236709594727 -0.0266776 -4.29311 -4.121779441833496 -0.00484502 -1.98543 -0.4385402500629425
0.0294577 8.48481 6.274205207824707 -0.0289007 -5.62804 -4.321167945861816 -0.00524877 -2.22673 -0.40136244893074036
0.0317237 9.99261 6.971931457519531 -0.0311239 -6.96297 -5.137397766113281 -0.00565253 -2.46803 -0.4195536673069
0.0339897 11.5004 7.806525707244873 -0.033347 -8.29791 -6.156102180480957 -0.00605628 -2.70933 -0.4590861201286316
0.0362557 11.6703 8.548039436340332 -0.0355701 -8.33099 -6.946754455566406 -0.00646003 -2.78117 -0.49415504932403564
0.0385217 11.822 9.150016784667969 -0.0377933 -8.35644 -7.532151222229004 -0.00686378 -2.84354 -0.5598766803741455
0.0407876 11.9623 9.597691535949707 -0.04001640000000001 -8.37087 -7.943552017211914 -0.00726753 -2.89754 -0.6028502583503723
0.043053600000000004 12.0954 9.929852485656738 -0.0422395 -8.37291 -8.196134567260742 -0.00767128 -2.94363 -0.6237260103225708
0.0453196 12.2229 10.181968688964844 -0.0444627 -8.36313 -8.352790832519531 -0.00807504 -2.98408 -0.6349057555198669
0.0475856 12.3438 10.396065711975098 -0.0466858 -8.34449 -8.454224586486816 -0.00847879 -3.02058 -0.6415130496025085
0.0498515 12.4561 10.58174991607666 -0.0489089 -8.32119 -8.514403343200684 -0.00888254 -3.05297 -0.6481870412826538
