0.0009377000000000001 1.20225 1.4632816314697266 0.00123839 1.9069100000000003 2.131617546081543 0.0027977 0.633526 1.087587594985962
0.0018754000000000002 2.35821 2.6595590114593506 0.00247679 3.75777 3.963942289352417 0.00559539 1.23069 2.0154502391815186
0.0028131 3.2905 3.5584616661071777 0.00371518 5.37747 5.649076461791992 0.00839309 1.67881 2.6570112705230713
0.0037508000000000003 4.03244 4.1399312019348145 0.00495357 6.80774 7.150366306304932 0.0111908 2.00577 3.1583993434906006
0.0046885 4.63276 4.461928367614746 0.00619197 8.15946 8.457465171813965 0.013988500000000001 2.29544 3.5558342933654785
0.0056262 5.04127 4.6213202476501465 0.00743036 9.41593 9.628965377807617 0.0167862 2.55955 3.9002881050109863
0.0065639 5.3788 4.684568881988525 0.00866875 10.5974 10.678324699401855 0.0195839 2.80251 4.226104736328125
0.007501600000000001 5.66737 4.68595552444458 0.00990714 11.6742 11.586389541625977 0.0223816 3.01622 4.520787239074707
0.0084393 5.91298 4.65446662902832 0.011145500000000001 12.6486 12.366930961608887 0.0251793 3.20871 4.777392864227295
0.009377 6.11873 4.590100288391113 0.0123839 13.5275 13.036919593811035 0.027977000000000002 3.38155 5.004944324493408
0.0103147 6.26915 4.501415729522705 0.0136223 14.3132 13.61669921875 0.0307747 3.53779 5.206542491912842
0.0112524 6.35352 4.405755996704102 0.0148607 15.0059 14.117349624633789 0.0335723 3.68064 5.378121376037598
0.012190099999999999 6.38118 4.309196472167969 0.0160991 15.5982 14.550235748291016 0.03637 3.8101100000000003 5.523165225982666
0.0131278 6.37751 4.206860065460205 0.0173375 16.0725 14.901060104370117 0.0391677 3.92364 5.644618988037109
0.0140655 6.35913 4.104434490203857 0.0185759 16.4103 15.15909481048584 0.0419654 4.01958 5.745262622833252
0.0131278 5.15725 3.748871326446533 0.0173375 14.5041 14.4613037109375 0.0391677 3.38567 5.491658687591553
0.012190099999999999 3.9559300000000004 3.1149115562438965 0.0160991 12.5988 12.952103614807129 0.03637 2.75118 4.825918197631836
0.0112524 2.75525 2.341817617416382 0.0148607 10.6947 11.044960975646973 0.0335723 2.11607 3.937797784805298
0.0103147 1.56453 1.4724650382995605 0.0136223 8.80157 9.048678398132324 0.0307747 1.48759 2.984449625015259
0.0112524 2.76678 1.5123244524002075 0.0148607 10.7085 9.065884590148926 0.0335723 2.12111 2.820326805114746
0.012190099999999999 3.96903 2.000859260559082 0.0160991 12.6154 10.035863876342773 0.03637 2.75464 3.1622507572174072
0.0131278 5.17127 2.6667823791503906 0.0173375 14.5223 11.543566703796387 0.0391677 3.38816 3.8300254344940186
0.0140655 6.36011 3.29419207572937 0.0185759 16.4137 13.223730087280273 0.0419654 4.01156 4.582584857940674
0.015003200000000001 6.32743 3.694716215133667 0.0198143 16.5966 14.26481819152832 0.0447631 4.09761 5.122018814086914
0.0159409 6.28879 3.891550064086914 0.0210527 16.6755 14.846096992492676 0.0475608 4.16575 5.475910186767578
0.0168786 6.2459 3.9569458961486816 0.0222911 16.7033 15.205764770507812 0.0503585 4.22828 5.737379550933838
0.0178163 6.20084 3.958148717880249 0.0235295 16.6998 15.437052726745605 0.0531562 4.2868 5.924612522125244
0.018754 6.15523 3.928306818008423 0.024767899999999995 16.6781 15.583888053894043 0.0559539 4.34204 6.058253288269043
0.0196917 6.11041 3.8895180225372314 0.0260063 16.647 15.674479484558105 0.0587516 4.39432 6.154261112213135
0.0206294 6.06736 3.8667709827423096 0.0272446 16.6118 15.73311710357666 0.0615493 4.4437 6.232097625732422
