0.000781381 2.20806 2.5852243900299072 0.0030985600000000006 4.10645 4.737186908721924 -0.000168391 -0.151996 -0.003146031405776739
0.00156276 4.39512 4.923478126525879 0.006197120000000001 8.12365 8.578694343566895 -0.000336781 -0.299175 -0.07588103413581848
0.00234414 6.46078 6.796323299407959 0.00929569 11.6686 11.450159072875977 -0.000505172 -0.427794 -0.17616599798202515
0.00312552 8.13123 8.37010669708252 0.0123942 13.9314 13.580787658691406 -0.000673563 -0.48357000000000006 -0.26008254289627075
0.0039069 9.51372 9.611888885498047 0.0154928 15.314 14.954668998718262 -0.000841954 -0.550309 -0.3699156939983368
0.00468828 10.6462 10.632658958435059 0.0185914 16.1249 15.860919952392578 -0.00101034 -0.650679 -0.4961869716644287
0.00546967 11.5689 11.543071746826172 0.0216899 16.6703 16.525434494018555 -0.00117874 -0.764951 -0.6295052766799927
0.00625105 12.3043 12.39818000793457 0.0247885 17.0462 17.04772186279297 -0.0013471300000000002 -0.89828 -0.7440887093544006
0.007032429999999999 12.8722 13.202393531799316 0.0278871 17.2946 17.474369049072266 -0.00151552 -1.04677 -0.8340223431587219
0.00781381 13.3268 13.92601203918457 0.0309856 17.4627 17.788551330566406 -0.00168391 -1.1986 -0.9045781493186951
0.00859519 13.711 14.551460266113281 0.0340842 17.5865 17.984699249267578 -0.0018523 -1.3344 -0.9609162211418152
0.00937657 14.0485 15.080092430114746 0.0371827 17.6752 18.107202529907227 -0.00202069 -1.44341 -1.0115082263946533
0.0101579 14.3543 15.520163536071777 0.0402813 17.7309 18.17800521850586 -0.00218908 -1.52128 -1.0591762065887451
0.0109393 14.6284 15.876240730285645 0.0433799 17.769 18.213186264038086 -0.00235747 -1.58141 -1.099209189414978
0.0117207 14.8697 16.163209915161133 0.0464784 17.7983 18.231443405151367 -0.00252586 -1.63141 -1.1269816160202026
0.0109393 12.6616 15.426756858825684 0.0433799 13.6919 17.253217697143555 -0.00235747 -1.47941 -1.116592526435852
0.0101579 10.4537 13.729872703552246 0.0402813 9.5854 14.647238731384277 -0.00218908 -1.32743 -1.0528697967529297
0.00937657 8.24666 11.270770072937012 0.0371827 5.48099 10.793451309204102 -0.00202069 -1.17453 -0.9751805663108826
0.00859519 6.04089 8.479450225830078 0.0340842 1.37953 6.7214837074279785 -0.0018523 -1.02129 -0.9191048741340637
0.00937657 8.24895 7.920825004577637 0.0371827 5.48598 5.619215488433838 -0.00202069 -1.17328 -0.821802020072937
0.0101579 10.457 9.091646194458008 0.0402813 9.59243 7.220702648162842 -0.00218908 -1.32528 -0.7945306897163391
0.0109393 12.6651 11.192171096801758 0.0433799 13.6989 10.554160118103027 -0.00235747 -1.47728 -0.8391287326812744
0.0117207 14.8673 13.3447265625 0.0464784 17.7907 13.70242977142334 -0.00252586 -1.62804 -0.9484907388687134
0.0125021 15.0827 14.949811935424805 0.049577 17.8209 15.725720405578613 -0.00269425 -1.67335 -1.0412249565124512
0.0132835 15.2712 15.911768913269043 0.05267560000000001 17.8407 16.90735626220703 -0.00286264 -1.71069 -1.1120611429214478
0.0140649 15.440599999999998 16.485843658447266 0.0557741 17.8576 17.56159782409668 -0.00303103 -1.7438 -1.1669059991836548
0.0148462 15.596999999999998 16.861663818359375 0.0588727 17.8711 17.9169864654541 -0.00319942 -1.77444 -1.2080601453781128
0.0156276 15.7406 17.14049530029297 0.0619712 17.8821 18.12556266784668 -0.00336781 -1.8027 -1.2375526428222656
0.016409 15.872100000000001 17.37542724609375 0.0650698 17.8913 18.27639389038086 -0.00353621 -1.82873 -1.2541038990020752
0.0171904 15.9922 17.591934204101562 0.0681684 17.8992 18.404205322265625 -0.0037046 -1.85286 -1.254703402519226
