0.00143953 1.82543 2.0079877376556396 0.000233955 1.01972 1.4145691394805908 0.0028483299999999996 0.953737 1.0638834238052368
0.00287907 3.64871 4.019232273101807 0.00046791 2.03718 2.399487257003784 0.00569667 1.9052800000000003 2.1788828372955322
0.0043186 5.4101 5.887974739074707 0.0007018640000000001 3.00111 3.280824899673462 0.008545 2.80362 3.2445223331451416
0.00575813 7.07519 7.479824066162109 0.000935819 3.8964700000000003 4.023383140563965 0.0113933 3.63679 4.110528945922852
0.00719766 8.5549 8.828163146972656 0.00116977 4.65745 4.694940567016602 0.0142417 4.34358 4.814375877380371
0.0086372 9.8155 9.896909713745117 0.0014037299999999997 5.24918 5.26267147064209 0.01709 4.90238 5.386220932006836
0.0100767 10.8925 10.728252410888672 0.00163768 5.71122 5.721081256866455 0.0199383 5.34388 5.864991664886475
0.011516300000000002 11.8198 11.379732131958008 0.00187164 6.07174 6.074254989624023 0.022786700000000003 5.69472 6.26945161819458
0.0129558 12.6196 11.91598892211914 0.00210559 6.37545 6.373312950134277 0.025634999999999998 5.98585 6.6249823570251465
0.014395300000000001 13.292 12.351000785827637 0.00233955 6.63607 6.6302947998046875 0.0284833 6.22798 6.92997407913208
0.0158349 13.8514 12.686448097229004 0.0025735 6.86421 6.85051965713501 0.0313317 6.43085 7.178382873535156
0.0172744 14.2907 12.9044828414917 0.0028074599999999995 7.05644 7.037172794342041 0.03418 6.59953 7.381170272827148
0.0187139 14.5931 13.002104759216309 0.00304141 7.21074 7.186647891998291 0.0370284 6.73084 7.54187536239624
0.020153500000000005 14.778 12.992491722106934 0.0032753700000000005 7.3382 7.282566070556641 0.0398767 6.83164 7.660172939300537
0.021593 14.895 12.940763473510742 0.0035093199999999994 7.45198 7.338351726531982 0.042725 6.91485 7.754178047180176
0.020153500000000005 13.0696 12.1283540725708 0.0032753700000000005 6.43226 6.816283226013184 0.0398767 5.96111 7.437856197357178
0.0187139 11.2442 10.6478853225708 0.00304141 5.41254 5.864211082458496 0.0370284 5.00738 6.664142608642578
0.0172744 9.41875 8.766641616821289 0.0028074599999999995 4.39282 4.729383945465088 0.03418 4.05364 5.591764450073242
0.0158349 7.593319999999999 6.732229709625244 0.0025735 3.37311 3.5518906116485596 0.0313317 3.0999 4.378842830657959
0.0172744 9.41875 6.3163161277771 0.0028074599999999995 4.39282 3.4368133544921875 0.03418 4.05364 4.057757377624512
0.0187139 11.2442 6.952858924865723 0.00304141 5.41254 3.9120736122131348 0.0370284 5.00738 4.410774230957031
0.020153500000000005 13.0696 8.077855110168457 0.0032753700000000005 6.43226 4.624598979949951 0.0398767 5.96111 5.125438690185547
0.021593 14.895 9.355259895324707 0.0035093199999999994 7.45198 5.371073246002197 0.042725 6.91485 5.9610419273376465
0.0230325 14.9749 10.395472526550293 0.00374328 7.55887 6.014889717102051 0.04557340000000001 6.98696 6.629250526428223
0.0244721 15.03 11.294636726379395 0.00397723 7.661950000000001 6.554264068603516 0.0484217 7.05021 7.170914649963379
0.0259116 15.065700000000001 12.070448875427246 0.00421119 7.7617 7.002834320068359 0.051269999999999996 7.10697 7.65830659866333
0.0273511 15.0854 12.720529556274414 0.00444514 7.85798 7.337019443511963 0.0541184 7.15915 8.062231063842773
0.0287907 15.091699999999998 13.193946838378906 0.0046791 7.95117 7.520110607147217 0.0569667 7.20788 8.32706356048584
0.0302302 15.087900000000001 13.472882270812988 0.00491305 8.04121 7.54046630859375 0.059815 7.25351 8.450299263000488
0.0316697 15.076299999999998 13.660239219665527 0.005147009999999999 8.12916 7.478912353515625 0.0626634 7.29621 8.529128074645996
