-0.0012874100000000001 -1.03885 -0.6516275405883789 0.0025126400000000004 1.69364 2.2551960945129395 -0.0015063900000000002 -0.406535 -0.2932102382183075
-0.0025748200000000002 -2.09911 -1.684217929840088 0.005025280000000001 3.33825 3.9012389183044434 -0.00301279 -0.79473 -0.7709532976150513
-0.00386223 -3.23341 -2.9616780281066895 0.00753792 4.7483 5.214612007141113 -0.00451918 -1.1197 -1.0999618768692017
-0.00514963 -4.45651 -4.383922100067139 0.0100506 5.85261 6.212747573852539 -0.00602557 -1.36215 -1.2572205066680908
-0.00643704 -5.77725 -5.858457565307617 0.0125632 6.5025 6.903670787811279 -0.00753196 -1.48417 -1.3018628358840942
-0.00772445 -7.0953 -7.32965612411499 0.0150758 6.83833 7.324705600738525 -0.00903836 -1.5728 -1.290050745010376
-0.00901186 -8.36188 -8.712552070617676 0.0175885 7.02015 7.4998297691345215 -0.0105447 -1.64935 -1.2566288709640503
-0.0102993 -9.53171 -9.975147247314453 0.0201011 7.14219 7.551510334014893 -0.0120511 -1.72107 -1.2025409936904907
-0.011586700000000002 -10.6254 -11.103955268859863 0.0226138 7.19903 7.528034210205078 -0.0135575 -1.79339 -1.150843620300293
-0.0128741 -11.6539 -12.127259254455566 0.0251264 7.1878 7.504332065582275 -0.015063899999999998 -1.86958 -1.107475757598877
-0.0141615 -12.5871 -13.073373794555664 0.027639 7.15489 7.482699394226074 -0.0165703 -1.93887 -1.0647920370101929
-0.0154489 -13.4276 -13.927002906799316 0.030151700000000003 7.12241 7.470294952392578 -0.0180767 -1.99669 -1.0227817296981812
-0.0167363 -14.1856 -14.66632080078125 0.0326643 7.09338 7.473228454589844 -0.0195831 -2.04471 -0.9748024940490723
-0.0180237 -14.8709 -15.284120559692383 0.035177 7.06749 7.48154878616333 -0.021089499999999997 -2.08512 -0.9220680594444275
-0.0193111 -15.488600000000002 -15.777749061584473 0.0376896 7.04438 7.458401679992676 -0.0225959 -2.11952 -0.8701456189155579
-0.0180237 -14.4498 -15.157404899597168 0.035177 5.35074 6.284355640411377 -0.021089499999999997 -1.71299 -0.7051668763160706
-0.0167363 -13.4109 -13.726959228515625 0.0326643 3.6571 4.1726484298706055 -0.0195831 -1.30645 -0.34725242853164673
-0.0154489 -12.3721 -11.897661209106445 0.030151700000000003 1.9634600000000002 1.789806842803955 -0.0180767 -0.899917 0.11455769091844559
-0.0141615 -11.3332 -9.982081413269043 0.027639 0.269818 -0.45468834042549133 -0.0165703 -0.493382 0.5823506116867065
-0.0154489 -12.3721 -9.753687858581543 0.030151700000000003 1.9634600000000002 -0.9465574622154236 -0.0180767 -0.899917 0.7180018424987793
-0.0167363 -13.4109 -10.368853569030762 0.0326643 3.6571 -0.31557777523994446 -0.0195831 -1.30645 0.6877434253692627
-0.0180237 -14.4498 -11.416974067687988 0.035177 5.35074 0.9905177354812622 -0.021089499999999997 -1.71299 0.5373879671096802
-0.0193111 -15.488600000000002 -12.638134002685547 0.0376896 7.04438 2.4821550846099854 -0.0225959 -2.11952 0.31493908166885376
-0.020598499999999995 -16.038 -13.830801010131836 0.0402022 7.02364 3.607154607772827 -0.0241023 -2.14903 0.06517448276281357
-0.0218859 -16.5188 -14.793017387390137 0.04271490000000001 7.00498 4.5395731925964355 -0.025608700000000005 -2.17439 -0.13891461491584778
-0.023173400000000004 -16.9345 -15.586140632629395 0.0452275 6.98819 5.189549922943115 -0.0271151 -2.19613 -0.27211475372314453
-0.0244608 -17.2917 -16.215917587280273 0.0477402 6.973 5.69706392288208 -0.0286215 -2.21484 -0.3571133613586426
-0.0257482 -17.5978 -16.724529266357422 0.0502528 6.95903 6.1294941902160645 -0.0301279 -2.23117 -0.40908703207969666
-0.0270356 -17.859 -17.129608154296875 0.0527654 6.94592 6.49846076965332 -0.0316342 -2.24558 -0.4418615698814392
-0.028323 -18.0802 -17.40833282470703 0.05527809999999999 6.9334 6.798640727996826 -0.0331406 -2.25848 -0.4582837224006653
