-6.71664e-05 -0.225722 -0.10401401668787003 -9.09085e-05 -0.259958 -0.26301291584968567 6.94111e-05 0.0518397 -0.04484536498785019
-0.000232548 -0.78151 -0.45948493480682373 -0.000314749 -0.900044 -0.681241512298584 0.00024031899999999996 0.179483 -0.01928664557635784
-0.000526107 -1.76806 -0.9935976266860962 -0.000712078 -2.03623 -1.3661459684371948 0.00054369 0.406056 0.03674253448843956
-0.000954285 -3.20701 -1.798439383506775 -0.00129161 -3.69343 -2.3738410472869873 0.000986177 0.736528 0.1220400482416153
-0.00148075 -4.97627 -2.7590062618255615 -0.00200417 -5.73103 -3.599370241165161 0.00153023 1.14286 0.2407585084438324
-0.00202145 -6.79339 -3.6971325874328613 -0.0027359999999999997 -7.823759999999999 -4.83439826965332 0.00208901 1.56018 0.36043331027030945
-0.00245245 -8.24183 -4.390127658843994 -0.00331936 -9.49189 -5.764858722686768 0.00253442 1.8928300000000002 0.4482932984828949
-0.0026301699999999994 -8.8376 -4.620172500610352 -0.00355989 -10.1773 -6.075837135314941 0.0027180699999999995 2.02835 0.47093483805656433
-0.00242091 -8.13434 -4.170902252197266 -0.00327666 -9.36735 -5.471946716308594 0.00250181 1.86684 0.40673404932022095
-0.00173378 -5.82514 -2.8370320796966553 -0.00234664 -6.70791 -3.7230067253112793 0.00179172 1.3365 0.22737959027290344
-0.000549756 -1.84606 -0.5139126777648926 -0.000744085 -2.12531 -0.8416101932525635 0.000568129 0.42266 -0.04571882635354996
0.00106027 3.56466 2.2404048442840576 0.00143506 4.10607 2.6682932376861572 -0.0010957 -0.819976 -0.27019819617271423
0.00293376 9.85312 5.652288913726807 0.0039708 11.344 7.028228282928467 -0.00303181 -2.25778 -0.5383977293968201
0.00483302 15.988299999999999 8.868453979492188 0.00654141 18.3292 10.910425186157227 -0.00499454 -3.54836 -0.7024370431900024
0.00647792 20.6879 11.437589645385742 0.00876776 23.5602 13.828789710998535 -0.006694420000000001 -4.34451 -0.7779416441917419
0.007589219999999999 23.439 12.947592735290527 0.0102719 26.5339 15.503984451293945 -0.00784285 -4.68098 -0.7679712176322937
0.00793435 24.2249 13.273513793945312 0.010739 27.3714 15.937053680419922 -0.00819951 -4.75549 -0.6830763220787048
0.00736715 22.3188 12.169364929199219 0.00997131 25.1762 14.906846046447754 -0.0076133600000000004 -4.31772 -0.5403894186019897
0.00585431 17.2347 9.348548889160156 0.00792372 19.321 11.820890426635742 -0.00604997 -3.1501 -0.3099572956562042
0.00348415 9.26938 4.779725074768066 0.00471574 10.1476 6.203832626342773 -0.00360059 -1.32078 -0.04256393760442734
0.000456845 -0.904308 -0.5224453210830688 0.000618333 -1.56921 -0.7705329060554504 -0.0004721130000000001 1.01573 0.037152886390686035
-0.00294129 -12.2888 -5.843131065368652 -0.00398099 -14.6536 -7.760950088500977 0.00303959 3.59445 0.7752728462219238
-0.00637486 -22.756 -10.699206352233887 -0.00862827 -26.2494 -13.608695983886719 0.00658791 5.28085 1.3223294019699097
-0.00950166 -28.734 -13.504875183105469 -0.0128603 -32.3189 -17.338563919067383 0.00981921 5.24144 1.5629299879074097
-0.012014200000000001 -31.689599999999995 -14.930912017822266 -0.0162611 -35.0832 -19.598817825317383 0.0124158 4.59205 1.733169674873352
