0.00167006 -0.740361 0.9647212624549866 -0.00527096 -10.5744 -7.543814182281494 0.00221212 1.9135 0.9529609680175781
0.00331148 -1.43704 2.2072935104370117 -0.010451499999999999 -19.8979 -12.668004035949707 0.0043863 3.73578 1.227936863899231
0.00470824 -1.9438600000000001 3.318972110748291 -0.0148599 -25.4786 -15.816143989562988 0.0062364099999999995 5.10513 1.4371258020401
0.00566688 -2.1252 4.127020359039307 -0.0178855 -28.0405 -17.22662353515625 0.00750619 5.95628 1.5499743223190308
0.00603789 -2.17764 4.499690532684326 -0.0190565 -28.8839 -17.630081176757812 0.00799762 6.26078 1.6106536388397217
0.00573655 -2.04398 4.280317783355713 -0.0181054 -26.9702 -16.774377822875977 0.00759848 5.91507 1.5696231126785278
0.00475509 -1.60865 3.4602372646331787 -0.015007800000000002 -20.7373 -14.14684009552002 0.006298469999999999 4.78905 1.3853470087051392
0.00316471 -0.903226 2.2494797706604004 -0.0099883 -10.6373 -8.892142295837402 0.00419189 2.96443 0.96683269739151
0.00110738 0.00930772 1.6597108840942383 -0.00349507 2.4281 -0.4720267057418823 0.00146681 0.604088 0.153981015086174
-0.0012214 1.05345 -1.519605040550232 0.0038549099999999996 16.01 8.329170227050781 -0.0016178299999999998 -1.9431799999999997 -0.54817134141922
-0.00359677 1.53275 -3.2795562744140625 0.0113519 25.5969 14.4210844039917 -0.00476418 -4.59264 -1.3909600973129272
-0.00579227 1.87098 -4.2203898429870605 0.0182813 30.6872 17.60371208190918 -0.00767228 -6.67837 -1.694653034210205
-0.00760762 1.83656 -4.941490650177002 0.0240108 32.3766 19.290746688842773 -0.0100768 -7.648570000000001 -1.8575749397277832
-0.00889293 1.65723 -5.549904823303223 0.028067400000000003 32.9081 20.023508071899414 -0.0117793 -8.11933 -2.0181894302368164
-0.009566 1.56002 -5.943932056427002 0.0301917 33.0936 20.200092315673828 -0.0126709 -8.33277 -2.1293716430664062
-0.00962077 1.55267 -5.994016647338867 0.0303646 33.1071 19.803573608398438 -0.0127434 -8.3494 -2.1178886890411377
-0.00912586 1.33315 -5.740311622619629 0.0288026 29.9641 18.796039581298828 -0.0120879 -7.7816 -2.0195727348327637
-0.00821405 0.928711 -5.149351596832275 0.0259248 24.1735 16.698410034179688 -0.0108801 -6.73549 -1.8353034257888794
-0.00706441 0.418783 -4.268514633178711 0.0222963 16.8725 13.31365966796875 -0.00935732 -5.41653 -1.5684900283813477
-0.00587985 -0.10663 -3.2576582431793213 0.0185577 9.34977 8.942157745361328 -0.00778829 -4.05751 -1.2095392942428589
-0.00486312 -0.557605 -2.4101903438568115 0.0153488 2.89285 4.445592403411865 -0.00644156 -2.89103 -0.8092822432518005
-0.00419392 -0.860474 -2.034069776535034 0.0132366 -1.23476 1.093727707862854 -0.005555149999999999 -2.14524 -0.4992954432964325
-0.0040095 -0.9445739999999999 -2.2404613494873047 0.0126546 -2.35348 -0.057012464851140976 -0.0053108700000000005 -1.94277 -0.3708285689353943
-0.00439026 -0.775684 -2.880237102508545 0.0138563 0.0646337 0.6825993061065674 -0.005815220000000001 -2.37962 -0.4080113470554352
-0.00535119 -0.349462 -3.8993165493011475 0.0168892 6.16715 3.033259153366089 -0.00708804 -3.48207 -0.6015085577964783
