0.00170218 2.97428 2.8892412185668945 -0.00106152 -0.898416 -1.5245015621185303 -0.00604861 -4.45044 -1.4647964239120483
0.00304676 5.30064 4.437887191772461 -0.0019000199999999999 -1.57697 -2.3039488792419434 -0.0108265 -7.896750000000001 -2.2494561672210693
0.00401444 6.9064 5.5668535232543945 -0.00250348 -1.99689 -2.976274013519287 -0.014265100000000001 -10.1679 -2.724454402923584
0.00464853 7.886320000000001 6.240700721740723 -0.00289892 -2.23191 -3.3807497024536133 -0.0165183 -11.4612 -2.9778409004211426
0.00504128 8.45699 6.65112829208374 -0.00314384 -2.3728 -3.6202335357666016 -0.0179139 -12.198 -3.118605375289917
0.00531318 8.8314 6.93828010559082 -0.0033134 -2.46805 -3.7857768535614014 -0.0188801 -12.6813 -3.221031427383423
0.00558974 9.19462 7.240651607513428 -0.00348587 -2.56462 -3.958164930343628 -0.0198628 -13.1524 -3.3341996669769287
0.00597956 9.67803 7.661622047424316 -0.0037289700000000003 -2.69548 -4.201122760772705 -0.021248 -13.7798 -3.491309404373169
0.00655681 10.324 8.243843078613281 -0.00408896 -2.88725 -4.552256107330322 -0.0232993 -14.6367 -3.7016146183013916
0.00735044 11.1025 8.975268363952637 -0.00458388 -3.15742 -5.017589569091797 -0.0261194 -15.688 -3.9591898918151855
0.00834114 11.9048 9.796517372131348 -0.0052017 -3.52254 -5.547665119171143 -0.029639699999999998 -16.7943 -4.239814281463623
0.00946592 12.5261 10.65715503692627 -0.005903139999999999 -4.01197 -6.116020679473877 -0.0336366 -17.7308 -4.5347185134887695
0.0106292 12.8131 11.506465911865234 -0.00662856 -4.64094 -6.6800217628479 -0.0377701 -18.3485 -4.82820987701416
0.011717799999999999 12.8704 12.271411895751953 -0.00730744 -5.31376 -7.2030158042907715 -0.0416385 -18.6856 -5.105721473693848
0.012618 12.8563 12.831114768981934 -0.00786881 -5.8926 -7.600107669830322 -0.0448372 -18.8601 -5.311187744140625
0.0132307 12.8418 13.187773704528809 -0.00825095 -6.28107 -7.875156402587891 -0.0470146 -18.9492 -5.434093952178955
0.0134842 12.8359 13.343653678894043 -0.00840899 -6.43918 -7.999509811401367 -0.047915200000000005 -18.9811 -5.463509559631348
0.013340399999999999 12.5848 13.253925323486328 -0.00831932 -6.36303 -7.935070037841797 -0.047404199999999994 -18.605 -5.388589859008789
0.0127973 11.6365 12.810179710388184 -0.00798064 -6.07543 -7.651347637176514 -0.0454744 -17.1846 -5.16463565826416
0.0118852 10.0438 11.96160888671875 -0.00741184 -5.59242 -7.146689414978027 -0.042233299999999994 -14.7991 -4.742465496063232
0.0106593 7.903109999999999 10.702442169189453 -0.006647369999999999 -4.94324 -6.45277214050293 -0.0378773 -11.5928 -4.116868495941162
0.00919007 5.33745 9.120071411132812 -0.00573111 -4.16517 -5.640804767608643 -0.0326564 -7.75002 -3.348700761795044
0.00755249 2.47376 7.273957252502441 -0.00470989 -3.30545 -4.730616092681885 -0.0268373 -3.47084 -2.4996798038482666
0.0058169 -0.724652 5.216047763824463 -0.00362754 -2.65667 -3.769012928009033 -0.02067 0.929047 -1.6578706502914429
0.00404181 -3.9515000000000002 3.000866413116455 -0.00252055 -2.10801 -2.8264944553375244 -0.0143623 5.21301 -0.925373911857605
